segment_id,stroke_id,segment_type,point_index,x,y,z,rx,ry,rz,speed_mm_s,arc_enabled,voltage,current,tag
935d7cad,8ce0ac46,travel,0,82,87.5,115,-180,0,-135,80,0,0,0,travel
935d7cad,8ce0ac46,travel,1,82,87.5,115,-180,0,-135,80,0,0,0,travel
f07c0496,8ce0ac46,lead_in,0,82,87.5,105,-180,0,-135,30,1,24,150,lead_in
f07c0496,8ce0ac46,lead_in,1,82.3029,87.8978,105,-180,0,-135,30,1,24,150,lead_in
f07c0496,8ce0ac46,lead_in,2,82.6058,88.2956,105,-180,0,-135,30,1,24,150,lead_in
f07c0496,8ce0ac46,lead_in,3,82.9087,88.6934,105,-180,0,-135,30,1,24,150,lead_in
f07c0496,8ce0ac46,lead_in,4,83.2116,89.0912,105,-180,0,-135,30,1,24,150,lead_in
f07c0496,8ce0ac46,lead_in,5,83.5146,89.489,105,-180,0,-135,30,1,24,150,lead_in
f07c0496,8ce0ac46,lead_in,6,83.8175,89.8868,105,-180,0,-135,30,1,24,150,lead_in
3a698bfc,8ce0ac46,weld,0,82,87.5,105,-180,0,-135,30,1,24,150,weld
3a698bfc,8ce0ac46,weld,1,81.407,86.7212,105,-180,0,-135,30,1,24,150,weld
3a698bfc,8ce0ac46,weld,2,80.8139,85.9424,105,-180,0,-135,30,1,24,150,weld
3a698bfc,8ce0ac46,weld,3,80.2209,85.1636,105,-180,0,-135,30,1,24,150,weld
3a698bfc,8ce0ac46,weld,4,79.6279,84.3848,105,-180,0,-135,30,1,24,150,weld
3a698bfc,8ce0ac46,weld,5,79.0349,83.606,105,-180,0,-135,30,1,24,150,weld
3a698bfc,8ce0ac46,weld,6,78.4418,82.8272,105,-180,0,-135,30,1,24,150,weld
3a698bfc,8ce0ac46,weld,7,77.8488,82.0484,105,-180,0,-135,30,1,24,150,weld
3a698bfc,8ce0ac46,weld,8,77.2558,81.2696,105,-180,0,-135,30,1,24,150,weld
3a698bfc,8ce0ac46,weld,9,76.6627,80.4908,105,-180,0,-135,30,1,24,150,weld
3a698bfc,8ce0ac46,weld,10,76.0697,79.712,105,-180,0,-135,30,1,24,150,weld
3a698bfc,8ce0ac46,weld,11,75.4767,78.9332,105,-180,0,-135,30,1,24,150,weld
3a698bfc,8ce0ac46,weld,12,74.8837,78.1544,105,-180,0,-135,30,1,24,150,weld
3a698bfc,8ce0ac46,weld,13,74.2906,77.3756,105,-180,0,-135,30,1,24,150,weld
3a698bfc,8ce0ac46,weld,14,73.6976,76.5969,105,-180,0,-135,30,1,24,150,weld
3a698bfc,8ce0ac46,weld,15,73.1046,75.8181,105,-180,0,-135,30,1,24,150,weld
3a698bfc,8ce0ac46,weld,16,72.5115,75.0393,105,-180,0,-135,30,1,24,150,weld
3a698bfc,8ce0ac46,weld,17,71.9185,74.2605,105,-180,0,-135,30,1,24,150,weld
3a698bfc,8ce0ac46,weld,18,71.3255,73.4817,105,-180,0,-135,30,1,24,150,weld
3a698bfc,8ce0ac46,weld,19,70.7325,72.7029,105,-180,0,-135,30,1,24,150,weld
3a698bfc,8ce0ac46,weld,20,70.1394,71.9241,105,-180,0,-135,30,1,24,150,weld
3a698bfc,8ce0ac46,weld,21,69.5464,71.1453,105,-180,0,-135,30,1,24,150,weld
3a698bfc,8ce0ac46,weld,22,68.9534,70.3665,105,-180,0,-135,30,1,24,150,weld
3a698bfc,8ce0ac46,weld,23,68.3603,69.5877,105,-180,0,-135,30,1,24,150,weld
3a698bfc,8ce0ac46,weld,24,67.7673,68.8089,105,-180,0,-135,30,1,24,150,weld
3a698bfc,8ce0ac46,weld,25,67.1743,68.0301,105,-180,0,-135,30,1,24,150,weld
3a698bfc,8ce0ac46,weld,26,66.5813,67.2513,105,-180,0,-135,30,1,24,150,weld
3a698bfc,8ce0ac46,weld,27,65.9882,66.4725,105,-180,0,-135,30,1,24,150,weld
3a698bfc,8ce0ac46,weld,28,65.3952,65.6937,105,-180,0,-135,30,1,24,150,weld
3a698bfc,8ce0ac46,weld,29,64.8022,64.9149,105,-180,0,-135,30,1,24,150,weld
3a698bfc,8ce0ac46,weld,30,64.2091,64.1361,105,-180,0,-135,30,1,24,150,weld
3a698bfc,8ce0ac46,weld,31,63.6161,63.3573,105,-180,0,-135,30,1,24,150,weld
3a698bfc,8ce0ac46,weld,32,63.0231,62.5785,105,-180,0,-135,30,1,24,150,weld
3a698bfc,8ce0ac46,weld,33,62.4301,61.7997,105,-180,0,-135,30,1,24,150,weld
3a698bfc,8ce0ac46,weld,34,61.837,61.0209,105,-180,0,-135,30,1,24,150,weld
3a698bfc,8ce0ac46,weld,35,61.244,60.2421,105,-180,0,-135,30,1,24,150,weld
3a698bfc,8ce0ac46,weld,36,60.651,59.4633,105,-180,0,-135,30,1,24,150,weld
3a698bfc,8ce0ac46,weld,37,60.0579,58.6845,105,-180,0,-135,30,1,24,150,weld
3a698bfc,8ce0ac46,weld,38,59.4649,57.9057,105,-180,0,-135,30,1,24,150,weld
3a698bfc,8ce0ac46,weld,39,58.8719,57.1269,105,-180,0,-135,30,1,24,150,weld
3a698bfc,8ce0ac46,weld,40,58.2789,56.3481,105,-180,0,-135,30,1,24,150,weld
3a698bfc,8ce0ac46,weld,41,57.6858,55.5693,105,-180,0,-135,30,1,24,150,weld
3a698bfc,8ce0ac46,weld,42,57.0928,54.7906,105,-180,0,-135,30,1,24,150,weld
3a698bfc,8ce0ac46,weld,43,56.4998,54.0118,105,-180,0,-135,30,1,24,150,weld
3a698bfc,8ce0ac46,weld,44,55.9067,53.233,105,-180,0,-135,30,1,24,150,weld
3a698bfc,8ce0ac46,weld,45,55.3137,52.4542,105,-180,0,-135,30,1,24,150,weld
3a698bfc,8ce0ac46,weld,46,54.7207,51.6754,105,-180,0,-135,30,1,24,150,weld
3a698bfc,8ce0ac46,weld,47,54.1277,50.8966,105,-180,0,-135,30,1,24,150,weld
3a698bfc,8ce0ac46,weld,48,53.5346,50.1178,105,-180,0,-135,30,1,24,150,weld
3a698bfc,8ce0ac46,weld,49,52.9416,49.339,105,-180,0,-135,30,1,24,150,weld
3a698bfc,8ce0ac46,weld,50,52.3486,48.5602,105,-180,0,-135,30,1,24,150,weld
3a698bfc,8ce0ac46,weld,51,51.7556,47.7814,105,-180,0,-135,30,1,24,150,weld
3a698bfc,8ce0ac46,weld,52,51.1625,47.0026,105,-180,0,-135,30,1,24,150,weld
3a698bfc,8ce0ac46,weld,53,50.5695,46.2238,105,-180,0,-135,30,1,24,150,weld
3a698bfc,8ce0ac46,weld,54,49.9765,45.445,105,-180,0,-135,30,1,24,150,weld
3a698bfc,8ce0ac46,weld,55,49.3834,44.6662,105,-180,0,-135,30,1,24,150,weld
3a698bfc,8ce0ac46,weld,56,48.7904,43.8874,105,-180,0,-135,30,1,24,150,weld
3a698bfc,8ce0ac46,weld,57,48.1974,43.1086,105,-180,0,-135,30,1,24,150,weld
3a698bfc,8ce0ac46,weld,58,47.6044,42.3298,105,-180,0,-135,30,1,24,150,weld
3a698bfc,8ce0ac46,weld,59,47.0113,41.551,105,-180,0,-135,30,1,24,150,weld
3a698bfc,8ce0ac46,weld,60,46.4183,40.7722,105,-180,0,-135,30,1,24,150,weld
3a698bfc,8ce0ac46,weld,61,45.8253,39.9934,105,-180,0,-135,30,1,24,150,weld
3a698bfc,8ce0ac46,weld,62,45.2322,39.2146,105,-180,0,-135,30,1,24,150,weld
3a698bfc,8ce0ac46,weld,63,44.6392,38.4358,105,-180,0,-135,30,1,24,150,weld
3a698bfc,8ce0ac46,weld,64,44.0462,37.657,105,-180,0,-135,30,1,24,150,weld
3a698bfc,8ce0ac46,weld,65,43.4532,36.8782,105,-180,0,-135,30,1,24,150,weld
3a698bfc,8ce0ac46,weld,66,42.8601,36.0994,105,-180,0,-135,30,1,24,150,weld
3a698bfc,8ce0ac46,weld,67,42.2671,35.3206,105,-180,0,-135,30,1,24,150,weld
3a698bfc,8ce0ac46,weld,68,41.6741,34.5418,105,-180,0,-135,30,1,24,150,weld
3a698bfc,8ce0ac46,weld,69,41.081,33.7631,105,-180,0,-135,30,1,24,150,weld
3a698bfc,8ce0ac46,weld,70,40.488,32.9843,105,-180,0,-135,30,1,24,150,weld
3a698bfc,8ce0ac46,weld,71,39.895,32.2055,105,-180,0,-135,30,1,24,150,weld
3a698bfc,8ce0ac46,weld,72,39.302,31.4267,105,-180,0,-135,30,1,24,150,weld
3a698bfc,8ce0ac46,weld,73,38.7089,30.6479,105,-180,0,-135,30,1,24,150,weld
3a698bfc,8ce0ac46,weld,74,38.1159,29.8691,105,-180,0,-135,30,1,24,150,weld
3a698bfc,8ce0ac46,weld,75,37.5229,29.0903,105,-180,0,-135,30,1,24,150,weld
3a698bfc,8ce0ac46,weld,76,36.9298,28.3115,105,-180,0,-135,30,1,24,150,weld
3a698bfc,8ce0ac46,weld,77,36.3368,27.5327,105,-180,0,-135,30,1,24,150,weld
3a698bfc,8ce0ac46,weld,78,35.7438,26.7539,105,-180,0,-135,30,1,24,150,weld
3a698bfc,8ce0ac46,weld,79,35.1508,25.9751,105,-180,0,-135,30,1,24,150,weld
3a698bfc,8ce0ac46,weld,80,34.5577,25.1963,105,-180,0,-135,30,1,24,150,weld
3a698bfc,8ce0ac46,weld,81,33.9647,24.4175,105,-180,0,-135,30,1,24,150,weld
3a698bfc,8ce0ac46,weld,82,33.3717,23.6387,105,-180,0,-135,30,1,24,150,weld
3a698bfc,8ce0ac46,weld,83,32.7786,22.8599,105,-180,0,-135,30,1,24,150,weld
3a698bfc,8ce0ac46,weld,84,32.1856,22.0811,105,-180,0,-135,30,1,24,150,weld
3a698bfc,8ce0ac46,weld,85,31.5926,21.3023,105,-180,0,-135,30,1,24,150,weld
3a698bfc,8ce0ac46,weld,86,30.9996,20.5235,105,-180,0,-135,30,1,24,150,weld
3a698bfc,8ce0ac46,weld,87,30.4065,19.7447,105,-180,0,-135,30,1,24,150,weld
3a698bfc,8ce0ac46,weld,88,29.8135,18.9659,105,-180,0,-135,30,1,24,150,weld
3a698bfc,8ce0ac46,weld,89,29.2205,18.1871,105,-180,0,-135,30,1,24,150,weld
3a698bfc,8ce0ac46,weld,90,28.6274,17.4083,105,-180,0,-135,30,1,24,150,weld
3a698bfc,8ce0ac46,weld,91,28.0344,16.6295,105,-180,0,-135,30,1,24,150,weld
3a698bfc,8ce0ac46,weld,92,27.4414,15.8507,105,-180,0,-135,30,1,24,150,weld
3a698bfc,8ce0ac46,weld,93,26.8484,15.0719,105,-180,0,-135,30,1,24,150,weld
3a698bfc,8ce0ac46,weld,94,27.8226,14.8427,105,-180,0,-135,30,1,24,150,weld
3a698bfc,8ce0ac46,weld,95,29.489,14.8561,105,-180,0,-135,30,1,24,150,weld
3a698bfc,8ce0ac46,weld,96,31.1555,14.8695,105,-180,0,-135,30,1,24,150,weld
3a698bfc,8ce0ac46,weld,97,32.8219,14.883,105,-180,0,-135,30,1,24,150,weld
3a698bfc,8ce0ac46,weld,98,34.4884,14.8964,105,-180,0,-135,30,1,24,150,weld
3a698bfc,8ce0ac46,weld,99,36.1548,14.9099,105,-180,0,-135,30,1,24,150,weld
3a698bfc,8ce0ac46,weld,100,37.8213,14.9233,105,-180,0,-135,30,1,24,150,weld
3a698bfc,8ce0ac46,weld,101,39.4877,14.9367,105,-180,0,-135,30,1,24,150,weld
3a698bfc,8ce0ac46,weld,102,41.1542,14.9502,105,-180,0,-135,30,1,24,150,weld
3a698bfc,8ce0ac46,weld,103,42.8206,14.9636,105,-180,0,-135,30,1,24,150,weld
3a698bfc,8ce0ac46,weld,104,44.4871,14.977,105,-180,0,-135,30,1,24,150,weld
3a698bfc,8ce0ac46,weld,105,46.1535,14.9905,105,-180,0,-135,30,1,24,150,weld
3a698bfc,8ce0ac46,weld,106,47.4983,15.2289,105,-180,0,-135,30,1,24,150,weld
3a698bfc,8ce0ac46,weld,107,48.0634,16.0129,105,-180,0,-135,30,1,24,150,weld
3a698bfc,8ce0ac46,weld,108,48.6284,16.7969,105,-180,0,-135,30,1,24,150,weld
3a698bfc,8ce0ac46,weld,109,49.1934,17.5809,105,-180,0,-135,30,1,24,150,weld
3a698bfc,8ce0ac46,weld,110,49.7585,18.3649,105,-180,0,-135,30,1,24,150,weld
3a698bfc,8ce0ac46,weld,111,50.3235,19.1488,105,-180,0,-135,30,1,24,150,weld
3a698bfc,8ce0ac46,weld,112,50.8885,19.9328,105,-180,0,-135,30,1,24,150,weld
3a698bfc,8ce0ac46,weld,113,51.4536,20.7168,105,-180,0,-135,30,1,24,150,weld
3a698bfc,8ce0ac46,weld,114,52.0186,21.5008,105,-180,0,-135,30,1,24,150,weld
3a698bfc,8ce0ac46,weld,115,52.5836,22.2848,105,-180,0,-135,30,1,24,150,weld
3a698bfc,8ce0ac46,weld,116,53.1487,23.0688,105,-180,0,-135,30,1,24,150,weld
3a698bfc,8ce0ac46,weld,117,53.7137,23.8527,105,-180,0,-135,30,1,24,150,weld
3a698bfc,8ce0ac46,weld,118,54.2787,24.6367,105,-180,0,-135,30,1,24,150,weld
3a698bfc,8ce0ac46,weld,119,54.8438,25.4207,105,-180,0,-135,30,1,24,150,weld
3a698bfc,8ce0ac46,weld,120,55.4088,26.2047,105,-180,0,-135,30,1,24,150,weld
3a698bfc,8ce0ac46,weld,121,55.9738,26.9887,105,-180,0,-135,30,1,24,150,weld
3a698bfc,8ce0ac46,weld,122,56.5389,27.7727,105,-180,0,-135,30,1,24,150,weld
3a698bfc,8ce0ac46,weld,123,57.1039,28.5566,105,-180,0,-135,30,1,24,150,weld
3a698bfc,8ce0ac46,weld,124,57.6689,29.3406,105,-180,0,-135,30,1,24,150,weld
3a698bfc,8ce0ac46,weld,125,58.2339,30.1246,105,-180,0,-135,30,1,24,150,weld
3a698bfc,8ce0ac46,weld,126,58.799,30.9086,105,-180,0,-135,30,1,24,150,weld
3a698bfc,8ce0ac46,weld,127,59.364,31.6926,105,-180,0,-135,30,1,24,150,weld
3a698bfc,8ce0ac46,weld,128,59.929,32.4766,105,-180,0,-135,30,1,24,150,weld
3a698bfc,8ce0ac46,weld,129,60.4941,33.2605,105,-180,0,-135,30,1,24,150,weld
3a698bfc,8ce0ac46,weld,130,61.8243,33.5,105,-180,0,-135,30,1,24,150,weld
3a698bfc,8ce0ac46,weld,131,63.4909,33.5,105,-180,0,-135,30,1,24,150,weld
3a698bfc,8ce0ac46,weld,132,65.1576,33.5,105,-180,0,-135,30,1,24,150,weld
3a698bfc,8ce0ac46,weld,133,66.8243,33.5,105,-180,0,-135,30,1,24,150,weld
3a698bfc,8ce0ac46,weld,134,68.4909,33.5,105,-180,0,-135,30,1,24,150,weld
3a698bfc,8ce0ac46,weld,135,70.1576,33.5,105,-180,0,-135,30,1,24,150,weld
3a698bfc,8ce0ac46,weld,136,71.8243,33.5,105,-180,0,-135,30,1,24,150,weld
3a698bfc,8ce0ac46,weld,137,73.4909,33.5,105,-180,0,-135,30,1,24,150,weld
3a698bfc,8ce0ac46,weld,138,75.1576,33.5,105,-180,0,-135,30,1,24,150,weld
3a698bfc,8ce0ac46,weld,139,76.8243,33.5,105,-180,0,-135,30,1,24,150,weld
3a698bfc,8ce0ac46,weld,140,78.4909,33.5,105,-180,0,-135,30,1,24,150,weld
3a698bfc,8ce0ac46,weld,141,80.1576,33.5,105,-180,0,-135,30,1,24,150,weld
3a698bfc,8ce0ac46,weld,142,81.8243,33.5,105,-180,0,-135,30,1,24,150,weld
3a698bfc,8ce0ac46,weld,143,83.4909,33.5,105,-180,0,-135,30,1,24,150,weld
3a698bfc,8ce0ac46,weld,144,85.1576,33.5,105,-180,0,-135,30,1,24,150,weld
3a698bfc,8ce0ac46,weld,145,86.8243,33.5,105,-180,0,-135,30,1,24,150,weld
3a698bfc,8ce0ac46,weld,146,88.4909,33.5,105,-180,0,-135,30,1,24,150,weld
3a698bfc,8ce0ac46,weld,147,90.1576,33.5,105,-180,0,-135,30,1,24,150,weld
3a698bfc,8ce0ac46,weld,148,91.8243,33.5,105,-180,0,-135,30,1,24,150,weld
3a698bfc,8ce0ac46,weld,149,93.4909,33.5,105,-180,0,-135,30,1,24,150,weld
3a698bfc,8ce0ac46,weld,150,95.1576,33.5,105,-180,0,-135,30,1,24,150,weld
3a698bfc,8ce0ac46,weld,151,96.8243,33.5,105,-180,0,-135,30,1,24,150,weld
3a698bfc,8ce0ac46,weld,152,98.4909,33.5,105,-180,0,-135,30,1,24,150,weld
3a698bfc,8ce0ac46,weld,153,100.158,33.5,105,-180,0,-135,30,1,24,150,weld
3a698bfc,8ce0ac46,weld,154,101.824,33.5,105,-180,0,-135,30,1,24,150,weld
3a698bfc,8ce0ac46,weld,155,103.491,33.5,105,-180,0,-135,30,1,24,150,weld
3a698bfc,8ce0ac46,weld,156,105.158,33.5,105,-180,0,-135,30,1,24,150,weld
3a698bfc,8ce0ac46,weld,157,106.824,33.5,105,-180,0,-135,30,1,24,150,weld
3a698bfc,8ce0ac46,weld,158,108.491,33.5,105,-180,0,-135,30,1,24,150,weld
3a698bfc,8ce0ac46,weld,159,110.158,33.5,105,-180,0,-135,30,1,24,150,weld
3a698bfc,8ce0ac46,weld,160,111.824,33.5,105,-180,0,-135,30,1,24,150,weld
3a698bfc,8ce0ac46,weld,161,113.491,33.5,105,-180,0,-135,30,1,24,150,weld
3a698bfc,8ce0ac46,weld,162,115.158,33.5,105,-180,0,-135,30,1,24,150,weld
3a698bfc,8ce0ac46,weld,163,116.824,33.5,105,-180,0,-135,30,1,24,150,weld
3a698bfc,8ce0ac46,weld,164,118.491,33.5,105,-180,0,-135,30,1,24,150,weld
3a698bfc,8ce0ac46,weld,165,120.158,33.5,105,-180,0,-135,30,1,24,150,weld
3a698bfc,8ce0ac46,weld,166,121.824,33.5,105,-180,0,-135,30,1,24,150,weld
3a698bfc,8ce0ac46,weld,167,123.491,33.5,105,-180,0,-135,30,1,24,150,weld
3a698bfc,8ce0ac46,weld,168,125.158,33.5,105,-180,0,-135,30,1,24,150,weld
3a698bfc,8ce0ac46,weld,169,126.279,33.1123,105,-180,0,-135,30,1,24,150,weld
3a698bfc,8ce0ac46,weld,170,126.844,32.3283,105,-180,0,-135,30,1,24,150,weld
3a698bfc,8ce0ac46,weld,171,127.41,31.5443,105,-180,0,-135,30,1,24,150,weld
3a698bfc,8ce0ac46,weld,172,127.975,30.7603,105,-180,0,-135,30,1,24,150,weld
3a698bfc,8ce0ac46,weld,173,128.54,29.9763,105,-180,0,-135,30,1,24,150,weld
3a698bfc,8ce0ac46,weld,174,129.105,29.1924,105,-180,0,-135,30,1,24,150,weld
3a698bfc,8ce0ac46,weld,175,129.67,28.4084,105,-180,0,-135,30,1,24,150,weld
3a698bfc,8ce0ac46,weld,176,130.235,27.6244,105,-180,0,-135,30,1,24,150,weld
3a698bfc,8ce0ac46,weld,177,130.8,26.8404,105,-180,0,-135,30,1,24,150,weld
3a698bfc,8ce0ac46,weld,178,131.365,26.0564,105,-180,0,-135,30,1,24,150,weld
3a698bfc,8ce0ac46,weld,179,131.93,25.2725,105,-180,0,-135,30,1,24,150,weld
3a698bfc,8ce0ac46,weld,180,132.495,24.4885,105,-180,0,-135,30,1,24,150,weld
3a698bfc,8ce0ac46,weld,181,133.06,23.7045,105,-180,0,-135,30,1,24,150,weld
3a698bfc,8ce0ac46,weld,182,133.625,22.9205,105,-180,0,-135,30,1,24,150,weld
3a698bfc,8ce0ac46,weld,183,134.19,22.1365,105,-180,0,-135,30,1,24,150,weld
3a698bfc,8ce0ac46,weld,184,134.755,21.3525,105,-180,0,-135,30,1,24,150,weld
3a698bfc,8ce0ac46,weld,185,135.32,20.5686,105,-180,0,-135,30,1,24,150,weld
3a698bfc,8ce0ac46,weld,186,135.885,19.7846,105,-180,0,-135,30,1,24,150,weld
3a698bfc,8ce0ac46,weld,187,136.45,19.0006,105,-180,0,-135,30,1,24,150,weld
3a698bfc,8ce0ac46,weld,188,137.015,18.2166,105,-180,0,-135,30,1,24,150,weld
3a698bfc,8ce0ac46,weld,189,137.58,17.4326,105,-180,0,-135,30,1,24,150,weld
3a698bfc,8ce0ac46,weld,190,138.145,16.6486,105,-180,0,-135,30,1,24,150,weld
3a698bfc,8ce0ac46,weld,191,138.71,15.8647,105,-180,0,-135,30,1,24,150,weld
3a698bfc,8ce0ac46,weld,192,139.275,15.0807,105,-180,0,-135,30,1,24,150,weld
3a698bfc,8ce0ac46,weld,193,140.828,14.9877,105,-180,0,-135,30,1,24,150,weld
3a698bfc,8ce0ac46,weld,194,142.495,14.9741,105,-180,0,-135,30,1,24,150,weld
3a698bfc,8ce0ac46,weld,195,144.161,14.9604,105,-180,0,-135,30,1,24,150,weld
3a698bfc,8ce0ac46,weld,196,145.828,14.9468,105,-180,0,-135,30,1,24,150,weld
3a698bfc,8ce0ac46,weld,197,147.494,14.9331,105,-180,0,-135,30,1,24,150,weld
3a698bfc,8ce0ac46,weld,198,149.161,14.9194,105,-180,0,-135,30,1,24,150,weld
3a698bfc,8ce0ac46,weld,199,150.827,14.9058,105,-180,0,-135,30,1,24,150,weld
3a698bfc,8ce0ac46,weld,200,152.493,14.8921,105,-180,0,-135,30,1,24,150,weld
3a698bfc,8ce0ac46,weld,201,154.16,14.8785,105,-180,0,-135,30,1,24,150,weld
3a698bfc,8ce0ac46,weld,202,155.826,14.8648,105,-180,0,-135,30,1,24,150,weld
3a698bfc,8ce0ac46,weld,203,157.493,14.8512,105,-180,0,-135,30,1,24,150,weld
3a698bfc,8ce0ac46,weld,204,159.159,14.8375,105,-180,0,-135,30,1,24,150,weld
3a698bfc,8ce0ac46,weld,205,159.254,15.375,105,-180,0,-135,30,1,24,150,weld
3a698bfc,8ce0ac46,weld,206,158.661,16.1537,105,-180,0,-135,30,1,24,150,weld
3a698bfc,8ce0ac46,weld,207,158.068,16.9325,105,-180,0,-135,30,1,24,150,weld
3a698bfc,8ce0ac46,weld,208,157.475,17.7113,105,-180,0,-135,30,1,24,150,weld
3a698bfc,8ce0ac46,weld,209,156.882,18.4901,105,-180,0,-135,30,1,24,150,weld
3a698bfc,8ce0ac46,weld,210,156.289,19.2689,105,-180,0,-135,30,1,24,150,weld
3a698bfc,8ce0ac46,weld,211,155.696,20.0477,105,-180,0,-135,30,1,24,150,weld
3a698bfc,8ce0ac46,weld,212,155.103,20.8265,105,-180,0,-135,30,1,24,150,weld
3a698bfc,8ce0ac46,weld,213,154.51,21.6053,105,-180,0,-135,30,1,24,150,weld
3a698bfc,8ce0ac46,weld,214,153.917,22.3841,105,-180,0,-135,30,1,24,150,weld
3a698bfc,8ce0ac46,weld,215,153.324,23.1629,105,-180,0,-135,30,1,24,150,weld
3a698bfc,8ce0ac46,weld,216,152.731,23.9417,105,-180,0,-135,30,1,24,150,weld
3a698bfc,8ce0ac46,weld,217,152.138,24.7205,105,-180,0,-135,30,1,24,150,weld
3a698bfc,8ce0ac46,weld,218,151.545,25.4993,105,-180,0,-135,30,1,24,150,weld
3a698bfc,8ce0ac46,weld,219,150.952,26.2781,105,-180,0,-135,30,1,24,150,weld
3a698bfc,8ce0ac46,weld,220,150.359,27.0569,105,-180,0,-135,30,1,24,150,weld
3a698bfc,8ce0ac46,weld,221,149.766,27.8357,105,-180,0,-135,30,1,24,150,weld
3a698bfc,8ce0ac46,weld,222,149.173,28.6145,105,-180,0,-135,30,1,24,150,weld
3a698bfc,8ce0ac46,weld,223,148.58,29.3933,105,-180,0,-135,30,1,24,150,weld
3a698bfc,8ce0ac46,weld,224,147.987,30.1721,105,-180,0,-135,30,1,24,150,weld
3a698bfc,8ce0ac46,weld,225,147.394,30.9509,105,-180,0,-135,30,1,24,150,weld
3a698bfc,8ce0ac46,weld,226,146.801,31.7297,105,-180,0,-135,30,1,24,150,weld
3a698bfc,8ce0ac46,weld,227,146.208,32.5085,105,-180,0,-135,30,1,24,150,weld
3a698bfc,8ce0ac46,weld,228,145.615,33.2873,105,-180,0,-135,30,1,24,150,weld
3a698bfc,8ce0ac46,weld,229,145.022,34.0661,105,-180,0,-135,30,1,24,150,weld
3a698bfc,8ce0ac46,weld,230,144.429,34.8449,105,-180,0,-135,30,1,24,150,weld
3a698bfc,8ce0ac46,weld,231,143.836,35.6237,105,-180,0,-135,30,1,24,150,weld
3a698bfc,8ce0ac46,weld,232,143.242,36.4025,105,-180,0,-135,30,1,24,150,weld
3a698bfc,8ce0ac46,weld,233,142.649,37.1812,105,-180,0,-135,30,1,24,150,weld
3a698bfc,8ce0ac46,weld,234,142.056,37.96,105,-180,0,-135,30,1,24,150,weld
3a698bfc,8ce0ac46,weld,235,141.463,38.7388,105,-180,0,-135,30,1,24,150,weld
3a698bfc,8ce0ac46,weld,236,140.87,39.5176,105,-180,0,-135,30,1,24,150,weld
3a698bfc,8ce0ac46,weld,237,140.277,40.2964,105,-180,0,-135,30,1,24,150,weld
3a698bfc,8ce0ac46,weld,238,139.684,41.0752,105,-180,0,-135,30,1,24,150,weld
3a698bfc,8ce0ac46,weld,239,139.091,41.854,105,-180,0,-135,30,1,24,150,weld
3a698bfc,8ce0ac46,weld,240,138.498,42.6328,105,-180,0,-135,30,1,24,150,weld
3a698bfc,8ce0ac46,weld,241,137.905,43.4116,105,-180,0,-135,30,1,24,150,weld
3a698bfc,8ce0ac46,weld,242,137.312,44.1904,105,-180,0,-135,30,1,24,150,weld
3a698bfc,8ce0ac46,weld,243,136.719,44.9692,105,-180,0,-135,30,1,24,150,weld
3a698bfc,8ce0ac46,weld,244,136.126,45.748,105,-180,0,-135,30,1,24,150,weld
3a698bfc,8ce0ac46,weld,245,135.533,46.5268,105,-180,0,-135,30,1,24,150,weld
3a698bfc,8ce0ac46,weld,246,134.94,47.3056,105,-180,0,-135,30,1,24,150,weld
3a698bfc,8ce0ac46,weld,247,134.347,48.0844,105,-180,0,-135,30,1,24,150,weld
3a698bfc,8ce0ac46,weld,248,133.754,48.8632,105,-180,0,-135,30,1,24,150,weld
3a698bfc,8ce0ac46,weld,249,133.161,49.642,105,-180,0,-135,30,1,24,150,weld
3a698bfc,8ce0ac46,weld,250,132.568,50.4208,105,-180,0,-135,30,1,24,150,weld
3a698bfc,8ce0ac46,weld,251,131.975,51.1996,105,-180,0,-135,30,1,24,150,weld
3a698bfc,8ce0ac46,weld,252,131.382,51.9784,105,-180,0,-135,30,1,24,150,weld
3a698bfc,8ce0ac46,weld,253,130.789,52.7572,105,-180,0,-135,30,1,24,150,weld
3a698bfc,8ce0ac46,weld,254,130.196,53.536,105,-180,0,-135,30,1,24,150,weld
3a698bfc,8ce0ac46,weld,255,129.603,54.3148,105,-180,0,-135,30,1,24,150,weld
3a698bfc,8ce0ac46,weld,256,129.01,55.0936,105,-180,0,-135,30,1,24,150,weld
3a698bfc,8ce0ac46,weld,257,128.417,55.8724,105,-180,0,-135,30,1,24,150,weld
3a698bfc,8ce0ac46,weld,258,127.824,56.6512,105,-180,0,-135,30,1,24,150,weld
3a698bfc,8ce0ac46,weld,259,127.231,57.43,105,-180,0,-135,30,1,24,150,weld
3a698bfc,8ce0ac46,weld,260,126.638,58.2088,105,-180,0,-135,30,1,24,150,weld
3a698bfc,8ce0ac46,weld,261,126.045,58.9875,105,-180,0,-135,30,1,24,150,weld
3a698bfc,8ce0ac46,weld,262,125.452,59.7663,105,-180,0,-135,30,1,24,150,weld
3a698bfc,8ce0ac46,weld,263,124.859,60.5451,105,-180,0,-135,30,1,24,150,weld
3a698bfc,8ce0ac46,weld,264,124.266,61.3239,105,-180,0,-135,30,1,24,150,weld
3a698bfc,8ce0ac46,weld,265,123.673,62.1027,105,-180,0,-135,30,1,24,150,weld
3a698bfc,8ce0ac46,weld,266,123.08,62.8815,105,-180,0,-135,30,1,24,150,weld
3a698bfc,8ce0ac46,weld,267,122.486,63.6603,105,-180,0,-135,30,1,24,150,weld
3a698bfc,8ce0ac46,weld,268,121.893,64.4391,105,-180,0,-135,30,1,24,150,weld
3a698bfc,8ce0ac46,weld,269,121.3,65.2179,105,-180,0,-135,30,1,24,150,weld
3a698bfc,8ce0ac46,weld,270,120.707,65.9967,105,-180,0,-135,30,1,24,150,weld
3a698bfc,8ce0ac46,weld,271,120.114,66.7755,105,-180,0,-135,30,1,24,150,weld
3a698bfc,8ce0ac46,weld,272,119.521,67.5543,105,-180,0,-135,30,1,24,150,weld
3a698bfc,8ce0ac46,weld,273,118.928,68.3331,105,-180,0,-135,30,1,24,150,weld
3a698bfc,8ce0ac46,weld,274,118.335,69.1119,105,-180,0,-135,30,1,24,150,weld
3a698bfc,8ce0ac46,weld,275,117.742,69.8907,105,-180,0,-135,30,1,24,150,weld
3a698bfc,8ce0ac46,weld,276,117.149,70.6695,105,-180,0,-135,30,1,24,150,weld
3a698bfc,8ce0ac46,weld,277,116.556,71.4483,105,-180,0,-135,30,1,24,150,weld
3a698bfc,8ce0ac46,weld,278,115.963,72.2271,105,-180,0,-135,30,1,24,150,weld
3a698bfc,8ce0ac46,weld,279,115.37,73.0059,105,-180,0,-135,30,1,24,150,weld
3a698bfc,8ce0ac46,weld,280,114.777,73.7847,105,-180,0,-135,30,1,24,150,weld
3a698bfc,8ce0ac46,weld,281,114.184,74.5635,105,-180,0,-135,30,1,24,150,weld
3a698bfc,8ce0ac46,weld,282,113.591,75.3423,105,-180,0,-135,30,1,24,150,weld
3a698bfc,8ce0ac46,weld,283,112.998,76.1211,105,-180,0,-135,30,1,24,150,weld
3a698bfc,8ce0ac46,weld,284,112.405,76.8999,105,-180,0,-135,30,1,24,150,weld
3a698bfc,8ce0ac46,weld,285,111.812,77.6787,105,-180,0,-135,30,1,24,150,weld
3a698bfc,8ce0ac46,weld,286,111.219,78.4575,105,-180,0,-135,30,1,24,150,weld
3a698bfc,8ce0ac46,weld,287,110.626,79.2363,105,-180,0,-135,30,1,24,150,weld
3a698bfc,8ce0ac46,weld,288,110.033,80.015,105,-180,0,-135,30,1,24,150,weld
3a698bfc,8ce0ac46,weld,289,109.44,80.7938,105,-180,0,-135,30,1,24,150,weld
3a698bfc,8ce0ac46,weld,290,108.847,81.5726,105,-180,0,-135,30,1,24,150,weld
3a698bfc,8ce0ac46,weld,291,108.254,82.3514,105,-180,0,-135,30,1,24,150,weld
3a698bfc,8ce0ac46,weld,292,107.661,83.1302,105,-180,0,-135,30,1,24,150,weld
3a698bfc,8ce0ac46,weld,293,107.068,83.909,105,-180,0,-135,30,1,24,150,weld
3a698bfc,8ce0ac46,weld,294,106.475,84.6878,105,-180,0,-135,30,1,24,150,weld
3a698bfc,8ce0ac46,weld,295,105.882,85.4666,105,-180,0,-135,30,1,24,150,weld
3a698bfc,8ce0ac46,weld,296,105.289,86.2454,105,-180,0,-135,30,1,24,150,weld
3a698bfc,8ce0ac46,weld,297,104.696,87.0242,105,-180,0,-135,30,1,24,150,weld
3a698bfc,8ce0ac46,weld,298,103.685,87.5,105,-180,0,-135,30,1,24,150,weld
3a698bfc,8ce0ac46,weld,299,102.018,87.5,105,-180,0,-135,30,1,24,150,weld
3a698bfc,8ce0ac46,weld,300,100.352,87.5,105,-180,0,-135,30,1,24,150,weld
3a698bfc,8ce0ac46,weld,301,98.6849,87.5,105,-180,0,-135,30,1,24,150,weld
3a698bfc,8ce0ac46,weld,302,97.0182,87.5,105,-180,0,-135,30,1,24,150,weld
3a698bfc,8ce0ac46,weld,303,95.3515,87.5,105,-180,0,-135,30,1,24,150,weld
3a698bfc,8ce0ac46,weld,304,93.6849,87.5,105,-180,0,-135,30,1,24,150,weld
3a698bfc,8ce0ac46,weld,305,92.0182,87.5,105,-180,0,-135,30,1,24,150,weld
3a698bfc,8ce0ac46,weld,306,90.3515,87.5,105,-180,0,-135,30,1,24,150,weld
3a698bfc,8ce0ac46,weld,307,88.6849,87.5,105,-180,0,-135,30,1,24,150,weld
3a698bfc,8ce0ac46,weld,308,87.0182,87.5,105,-180,0,-135,30,1,24,150,weld
3a698bfc,8ce0ac46,weld,309,85.3515,87.5,105,-180,0,-135,30,1,24,150,weld
3a698bfc,8ce0ac46,weld,310,83.6849,87.5,105,-180,0,-135,30,1,24,150,weld
3a698bfc,8ce0ac46,weld,311,82.0182,87.5,105,-180,0,-135,30,1,24,150,weld
81615a01,8ce0ac46,overlap,0,82,87.5,105,-180,0,-135,30,1,24,150,overlap
81615a01,8ce0ac46,overlap,1,81.407,86.7212,105,-180,0,-135,30,1,24,150,overlap
81615a01,8ce0ac46,overlap,2,80.8139,85.9424,105,-180,0,-135,30,1,24,150,overlap
81615a01,8ce0ac46,overlap,3,80.2209,85.1636,105,-180,0,-135,30,1,24,150,overlap
81615a01,8ce0ac46,overlap,4,79.6279,84.3848,105,-180,0,-135,30,1,24,150,overlap
81615a01,8ce0ac46,overlap,5,79.0349,83.606,105,-180,0,-135,30,1,24,150,overlap
81615a01,8ce0ac46,overlap,6,78.4418,82.8272,105,-180,0,-135,30,1,24,150,overlap
aaeaae7e,8ce0ac46,lead_out,0,82.0182,87.5,105,-180,0,-135,30,1,24,150,lead_out
aaeaae7e,8ce0ac46,lead_out,1,81.5182,87.5,105,-180,0,-135,30,1,24,150,lead_out
aaeaae7e,8ce0ac46,lead_out,2,81.0182,87.5,105,-180,0,-135,30,1,24,150,lead_out
aaeaae7e,8ce0ac46,lead_out,3,80.5182,87.5,105,-180,0,-135,30,1,24,150,lead_out
aaeaae7e,8ce0ac46,lead_out,4,80.0182,87.5,105,-180,0,-135,30,1,24,150,lead_out
aaeaae7e,8ce0ac46,lead_out,5,79.5182,87.5,105,-180,0,-135,30,1,24,150,lead_out
aaeaae7e,8ce0ac46,lead_out,6,79.0182,87.5,105,-180,0,-135,30,1,24,150,lead_out
42b6a2e2,8ce0ac46,retreat,0,82,87.5,115,-180,0,-135,80,0,0,0,retreat
42b6a2e2,8ce0ac46,retreat,1,82,87.5,115,-180,0,-135,80,0,0,0,retreat
acdb42b5,25f6e26b,travel,0,92.6667,77.5,115,-180,0,-135,80,0,0,0,travel
acdb42b5,25f6e26b,travel,1,92.6667,77.5,115,-180,0,-135,80,0,0,0,travel
c75ca97e,25f6e26b,lead_in,0,92.6667,77.5,105,-180,0,-135,30,1,24,150,lead_in
c75ca97e,25f6e26b,lead_in,1,92.9604,77.9046,105,-180,0,-135,30,1,24,150,lead_in
c75ca97e,25f6e26b,lead_in,2,93.2542,78.3092,105,-180,0,-135,30,1,24,150,lead_in
c75ca97e,25f6e26b,lead_in,3,93.548,78.7138,105,-180,0,-135,30,1,24,150,lead_in
c75ca97e,25f6e26b,lead_in,4,93.8417,79.1184,105,-180,0,-135,30,1,24,150,lead_in
c75ca97e,25f6e26b,lead_in,5,94.1355,79.523,105,-180,0,-135,30,1,24,150,lead_in
c75ca97e,25f6e26b,lead_in,6,94.4293,79.9276,105,-180,0,-135,30,1,24,150,lead_in
393e3675,25f6e26b,weld,0,92.6667,77.5,105,-180,0,-135,30,1,24,150,weld
393e3675,25f6e26b,weld,1,91.9557,76.5209,105,-180,0,-135,30,1,24,150,weld
393e3675,25f6e26b,weld,2,91.2448,75.5417,105,-180,0,-135,30,1,24,150,weld
393e3675,25f6e26b,weld,3,90.5339,74.5626,105,-180,0,-135,30,1,24,150,weld
393e3675,25f6e26b,weld,4,89.823,73.5834,105,-180,0,-135,30,1,24,150,weld
393e3675,25f6e26b,weld,5,89.112,72.6043,105,-180,0,-135,30,1,24,150,weld
393e3675,25f6e26b,weld,6,88.4011,71.6252,105,-180,0,-135,30,1,24,150,weld
393e3675,25f6e26b,weld,7,87.6902,70.646,105,-180,0,-135,30,1,24,150,weld
393e3675,25f6e26b,weld,8,86.9793,69.6669,105,-180,0,-135,30,1,24,150,weld
393e3675,25f6e26b,weld,9,86.2684,68.6877,105,-180,0,-135,30,1,24,150,weld
393e3675,25f6e26b,weld,10,85.5574,67.7086,105,-180,0,-135,30,1,24,150,weld
393e3675,25f6e26b,weld,11,84.8465,66.7295,105,-180,0,-135,30,1,24,150,weld
393e3675,25f6e26b,weld,12,84.1356,65.7503,105,-180,0,-135,30,1,24,150,weld
393e3675,25f6e26b,weld,13,83.4247,64.7712,105,-180,0,-135,30,1,24,150,weld
393e3675,25f6e26b,weld,14,82.7137,63.792,105,-180,0,-135,30,1,24,150,weld
393e3675,25f6e26b,weld,15,82.0028,62.8129,105,-180,0,-135,30,1,24,150,weld
393e3675,25f6e26b,weld,16,81.2919,61.8338,105,-180,0,-135,30,1,24,150,weld
393e3675,25f6e26b,weld,17,80.581,60.8546,105,-180,0,-135,30,1,24,150,weld
393e3675,25f6e26b,weld,18,79.87,59.8755,105,-180,0,-135,30,1,24,150,weld
393e3675,25f6e26b,weld,19,79.1591,58.8963,105,-180,0,-135,30,1,24,150,weld
393e3675,25f6e26b,weld,20,78.4482,57.9172,105,-180,0,-135,30,1,24,150,weld
393e3675,25f6e26b,weld,21,77.7373,56.938,105,-180,0,-135,30,1,24,150,weld
393e3675,25f6e26b,weld,22,77.0263,55.9589,105,-180,0,-135,30,1,24,150,weld
393e3675,25f6e26b,weld,23,76.3154,54.9798,105,-180,0,-135,30,1,24,150,weld
393e3675,25f6e26b,weld,24,75.6045,54.0006,105,-180,0,-135,30,1,24,150,weld
393e3675,25f6e26b,weld,25,74.8936,53.0215,105,-180,0,-135,30,1,24,150,weld
393e3675,25f6e26b,weld,26,74.1826,52.0423,105,-180,0,-135,30,1,24,150,weld
393e3675,25f6e26b,weld,27,73.4717,51.0632,105,-180,0,-135,30,1,24,150,weld
393e3675,25f6e26b,weld,28,72.7608,50.0841,105,-180,0,-135,30,1,24,150,weld
393e3675,25f6e26b,weld,29,72.0499,49.1049,105,-180,0,-135,30,1,24,150,weld
393e3675,25f6e26b,weld,30,71.3389,48.1258,105,-180,0,-135,30,1,24,150,weld
393e3675,25f6e26b,weld,31,70.628,47.1466,105,-180,0,-135,30,1,24,150,weld
393e3675,25f6e26b,weld,32,69.9171,46.1675,105,-180,0,-135,30,1,24,150,weld
393e3675,25f6e26b,weld,33,69.2062,45.1884,105,-180,0,-135,30,1,24,150,weld
393e3675,25f6e26b,weld,34,68.4953,44.2092,105,-180,0,-135,30,1,24,150,weld
393e3675,25f6e26b,weld,35,67.7843,43.2301,105,-180,0,-135,30,1,24,150,weld
393e3675,25f6e26b,weld,36,67.0734,42.2509,105,-180,0,-135,30,1,24,150,weld
393e3675,25f6e26b,weld,37,69.2944,42.0552,105,-180,0,-135,30,1,24,150,weld
393e3675,25f6e26b,weld,38,71.5155,41.8594,105,-180,0,-135,30,1,24,150,weld
393e3675,25f6e26b,weld,39,73.7365,41.6636,105,-180,0,-135,30,1,24,150,weld
393e3675,25f6e26b,weld,40,75.8199,41.663,105,-180,0,-135,30,1,24,150,weld
393e3675,25f6e26b,weld,41,77.9032,41.6624,105,-180,0,-135,30,1,24,150,weld
393e3675,25f6e26b,weld,42,79.9865,41.6618,105,-180,0,-135,30,1,24,150,weld
393e3675,25f6e26b,weld,43,82.0699,41.6612,105,-180,0,-135,30,1,24,150,weld
393e3675,25f6e26b,weld,44,84.1532,41.6606,105,-180,0,-135,30,1,24,150,weld
393e3675,25f6e26b,weld,45,86.2365,41.6599,105,-180,0,-135,30,1,24,150,weld
393e3675,25f6e26b,weld,46,88.3199,41.6593,105,-180,0,-135,30,1,24,150,weld
393e3675,25f6e26b,weld,47,90.4032,41.6587,105,-180,0,-135,30,1,24,150,weld
393e3675,25f6e26b,weld,48,92.4865,41.6581,105,-180,0,-135,30,1,24,150,weld
393e3675,25f6e26b,weld,49,94.5699,41.6575,105,-180,0,-135,30,1,24,150,weld
393e3675,25f6e26b,weld,50,96.6532,41.6569,105,-180,0,-135,30,1,24,150,weld
393e3675,25f6e26b,weld,51,98.7365,41.6563,105,-180,0,-135,30,1,24,150,weld
393e3675,25f6e26b,weld,52,100.82,41.6557,105,-180,0,-135,30,1,24,150,weld
393e3675,25f6e26b,weld,53,102.903,41.6551,105,-180,0,-135,30,1,24,150,weld
393e3675,25f6e26b,weld,54,104.987,41.6545,105,-180,0,-135,30,1,24,150,weld
393e3675,25f6e26b,weld,55,107.07,41.6539,105,-180,0,-135,30,1,24,150,weld
393e3675,25f6e26b,weld,56,109.153,41.6532,105,-180,0,-135,30,1,24,150,weld
393e3675,25f6e26b,weld,57,111.237,41.6526,105,-180,0,-135,30,1,24,150,weld
393e3675,25f6e26b,weld,58,113.32,41.652,105,-180,0,-135,30,1,24,150,weld
393e3675,25f6e26b,weld,59,115.403,41.6514,105,-180,0,-135,30,1,24,150,weld
393e3675,25f6e26b,weld,60,116.769,42.6269,105,-180,0,-135,30,1,24,150,weld
393e3675,25f6e26b,weld,61,118.135,43.6024,105,-180,0,-135,30,1,24,150,weld
393e3675,25f6e26b,weld,62,117.413,44.5797,105,-180,0,-135,30,1,24,150,weld
393e3675,25f6e26b,weld,63,116.692,45.557,105,-180,0,-135,30,1,24,150,weld
393e3675,25f6e26b,weld,64,115.971,46.5343,105,-180,0,-135,30,1,24,150,weld
393e3675,25f6e26b,weld,65,115.25,47.5116,105,-180,0,-135,30,1,24,150,weld
393e3675,25f6e26b,weld,66,114.529,48.4889,105,-180,0,-135,30,1,24,150,weld
393e3675,25f6e26b,weld,67,113.808,49.4661,105,-180,0,-135,30,1,24,150,weld
393e3675,25f6e26b,weld,68,113.087,50.4434,105,-180,0,-135,30,1,24,150,weld
393e3675,25f6e26b,weld,69,112.366,51.4207,105,-180,0,-135,30,1,24,150,weld
393e3675,25f6e26b,weld,70,111.645,52.398,105,-180,0,-135,30,1,24,150,weld
393e3675,25f6e26b,weld,71,110.924,53.3753,105,-180,0,-135,30,1,24,150,weld
393e3675,25f6e26b,weld,72,110.203,54.3526,105,-180,0,-135,30,1,24,150,weld
393e3675,25f6e26b,weld,73,109.482,55.3299,105,-180,0,-135,30,1,24,150,weld
393e3675,25f6e26b,weld,74,108.761,56.3071,105,-180,0,-135,30,1,24,150,weld
393e3675,25f6e26b,weld,75,108.04,57.2844,105,-180,0,-135,30,1,24,150,weld
393e3675,25f6e26b,weld,76,107.319,58.2617,105,-180,0,-135,30,1,24,150,weld
393e3675,25f6e26b,weld,77,106.598,59.239,105,-180,0,-135,30,1,24,150,weld
393e3675,25f6e26b,weld,78,105.877,60.2163,105,-180,0,-135,30,1,24,150,weld
393e3675,25f6e26b,weld,79,105.156,61.1936,105,-180,0,-135,30,1,24,150,weld
393e3675,25f6e26b,weld,80,104.435,62.1709,105,-180,0,-135,30,1,24,150,weld
393e3675,25f6e26b,weld,81,103.713,63.1482,105,-180,0,-135,30,1,24,150,weld
393e3675,25f6e26b,weld,82,102.992,64.1254,105,-180,0,-135,30,1,24,150,weld
393e3675,25f6e26b,weld,83,102.271,65.1027,105,-180,0,-135,30,1,24,150,weld
393e3675,25f6e26b,weld,84,101.55,66.08,105,-180,0,-135,30,1,24,150,weld
393e3675,25f6e26b,weld,85,100.829,67.0573,105,-180,0,-135,30,1,24,150,weld
393e3675,25f6e26b,weld,86,100.108,68.0346,105,-180,0,-135,30,1,24,150,weld
393e3675,25f6e26b,weld,87,99.3871,69.0119,105,-180,0,-135,30,1,24,150,weld
393e3675,25f6e26b,weld,88,98.6661,69.9892,105,-180,0,-135,30,1,24,150,weld
393e3675,25f6e26b,weld,89,97.945,70.9665,105,-180,0,-135,30,1,24,150,weld
393e3675,25f6e26b,weld,90,97.224,71.9437,105,-180,0,-135,30,1,24,150,weld
393e3675,25f6e26b,weld,91,96.5029,72.921,105,-180,0,-135,30,1,24,150,weld
393e3675,25f6e26b,weld,92,95.7819,73.8983,105,-180,0,-135,30,1,24,150,weld
393e3675,25f6e26b,weld,93,95.0608,74.8756,105,-180,0,-135,30,1,24,150,weld
c9dc403f,25f6e26b,overlap,0,92.6667,77.5,105,-180,0,-135,30,1,24,150,overlap
c9dc403f,25f6e26b,overlap,1,91.9557,76.5209,105,-180,0,-135,30,1,24,150,overlap
c9dc403f,25f6e26b,overlap,2,91.2448,75.5417,105,-180,0,-135,30,1,24,150,overlap
c9dc403f,25f6e26b,overlap,3,90.5339,74.5626,105,-180,0,-135,30,1,24,150,overlap
c9dc403f,25f6e26b,overlap,4,89.823,73.5834,105,-180,0,-135,30,1,24,150,overlap
c9dc403f,25f6e26b,overlap,5,89.112,72.6043,105,-180,0,-135,30,1,24,150,overlap
b3affd3d,25f6e26b,lead_out,0,95.0608,74.8756,105,-180,0,-135,30,1,24,150,lead_out
b3affd3d,25f6e26b,lead_out,1,94.764,75.2779,105,-180,0,-135,30,1,24,150,lead_out
b3affd3d,25f6e26b,lead_out,2,94.4671,75.6803,105,-180,0,-135,30,1,24,150,lead_out
b3affd3d,25f6e26b,lead_out,3,94.1703,76.0826,105,-180,0,-135,30,1,24,150,lead_out
b3affd3d,25f6e26b,lead_out,4,93.8734,76.485,105,-180,0,-135,30,1,24,150,lead_out
b3affd3d,25f6e26b,lead_out,5,93.5766,76.8873,105,-180,0,-135,30,1,24,150,lead_out
b3affd3d,25f6e26b,lead_out,6,93.2797,77.2897,105,-180,0,-135,30,1,24,150,lead_out
1b072328,25f6e26b,retreat,0,92.6667,77.5,115,-180,0,-135,80,0,0,0,retreat
1b072328,25f6e26b,retreat,1,92.6667,77.5,115,-180,0,-135,80,0,0,0,retreat
4b441e4d,ff22f1fb,travel,0,64,79.1667,115,-180,0,-135,80,0,0,0,travel
4b441e4d,ff22f1fb,travel,1,64,79.1667,115,-180,0,-135,80,0,0,0,travel
5794fc16,ff22f1fb,lead_in,0,64,79.1667,105,-180,0,-135,30,1,24,150,lead_in
5794fc16,ff22f1fb,lead_in,1,63.9923,79.6666,105,-180,0,-135,30,1,24,150,lead_in
5794fc16,ff22f1fb,lead_in,2,63.9846,80.1665,105,-180,0,-135,30,1,24,150,lead_in
5794fc16,ff22f1fb,lead_in,3,63.9769,80.6665,105,-180,0,-135,30,1,24,150,lead_in
5794fc16,ff22f1fb,lead_in,4,63.9692,81.1664,105,-180,0,-135,30,1,24,150,lead_in
5794fc16,ff22f1fb,lead_in,5,63.9615,81.6664,105,-180,0,-135,30,1,24,150,lead_in
5794fc16,ff22f1fb,lead_in,6,63.9539,82.1663,105,-180,0,-135,30,1,24,150,lead_in
fb5120b9,ff22f1fb,weld,0,64,79.1667,105,-180,0,-135,30,1,24,150,weld
fb5120b9,ff22f1fb,weld,1,64.016,78.125,105,-180,0,-135,30,1,24,150,weld
fb5120b9,ff22f1fb,weld,2,64.0321,77.0834,105,-180,0,-135,30,1,24,150,weld
fb5120b9,ff22f1fb,weld,3,64.0481,76.0418,105,-180,0,-135,30,1,24,150,weld
fb5120b9,ff22f1fb,weld,4,64.0641,75.0001,105,-180,0,-135,30,1,24,150,weld
fb5120b9,ff22f1fb,weld,5,64.0801,73.9585,105,-180,0,-135,30,1,24,150,weld
fb5120b9,ff22f1fb,weld,6,64.0962,72.9169,105,-180,0,-135,30,1,24,150,weld
fb5120b9,ff22f1fb,weld,7,64.1122,71.8752,105,-180,0,-135,30,1,24,150,weld
fb5120b9,ff22f1fb,weld,8,64.1282,70.8336,105,-180,0,-135,30,1,24,150,weld
fb5120b9,ff22f1fb,weld,9,64.1442,69.7919,105,-180,0,-135,30,1,24,150,weld
fb5120b9,ff22f1fb,weld,10,64.1603,68.7503,105,-180,0,-135,30,1,24,150,weld
fb5120b9,ff22f1fb,weld,11,64.1763,67.7087,105,-180,0,-135,30,1,24,150,weld
fb5120b9,ff22f1fb,weld,12,64.1923,66.667,105,-180,0,-135,30,1,24,150,weld
fb5120b9,ff22f1fb,weld,13,64.2083,65.6254,105,-180,0,-135,30,1,24,150,weld
fb5120b9,ff22f1fb,weld,14,64.2244,64.5838,105,-180,0,-135,30,1,24,150,weld
fb5120b9,ff22f1fb,weld,15,64.2404,63.5421,105,-180,0,-135,30,1,24,150,weld
fb5120b9,ff22f1fb,weld,16,64.2564,62.5005,105,-180,0,-135,30,1,24,150,weld
fb5120b9,ff22f1fb,weld,17,64.2724,61.4589,105,-180,0,-135,30,1,24,150,weld
fb5120b9,ff22f1fb,weld,18,64.2885,60.4172,105,-180,0,-135,30,1,24,150,weld
fb5120b9,ff22f1fb,weld,19,64.3045,59.3756,105,-180,0,-135,30,1,24,150,weld
fb5120b9,ff22f1fb,weld,20,64.3205,58.3339,105,-180,0,-135,30,1,24,150,weld
fb5120b9,ff22f1fb,weld,21,66.5454,58.0984,105,-180,0,-135,30,1,24,150,weld
fb5120b9,ff22f1fb,weld,22,68.7703,57.8628,105,-180,0,-135,30,1,24,150,weld
fb5120b9,ff22f1fb,weld,23,70.9952,57.6272,105,-180,0,-135,30,1,24,150,weld
fb5120b9,ff22f1fb,weld,24,73.077,57.6667,105,-180,0,-135,30,1,24,150,weld
fb5120b9,ff22f1fb,weld,25,75.1588,57.7063,105,-180,0,-135,30,1,24,150,weld
fb5120b9,ff22f1fb,weld,26,77.2407,57.7458,105,-180,0,-135,30,1,24,150,weld
fb5120b9,ff22f1fb,weld,27,79.3225,57.7854,105,-180,0,-135,30,1,24,150,weld
fb5120b9,ff22f1fb,weld,28,81.4043,57.8249,105,-180,0,-135,30,1,24,150,weld
fb5120b9,ff22f1fb,weld,29,83.4862,57.8645,105,-180,0,-135,30,1,24,150,weld
fb5120b9,ff22f1fb,weld,30,85.568,57.904,105,-180,0,-135,30,1,24,150,weld
fb5120b9,ff22f1fb,weld,31,87.6498,57.9436,105,-180,0,-135,30,1,24,150,weld
fb5120b9,ff22f1fb,weld,32,89.7317,57.9831,105,-180,0,-135,30,1,24,150,weld
fb5120b9,ff22f1fb,weld,33,91.8135,58.0227,105,-180,0,-135,30,1,24,150,weld
fb5120b9,ff22f1fb,weld,34,93.8953,58.0622,105,-180,0,-135,30,1,24,150,weld
fb5120b9,ff22f1fb,weld,35,95.9772,58.1017,105,-180,0,-135,30,1,24,150,weld
fb5120b9,ff22f1fb,weld,36,98.059,58.1413,105,-180,0,-135,30,1,24,150,weld
fb5120b9,ff22f1fb,weld,37,100.141,58.1808,105,-180,0,-135,30,1,24,150,weld
fb5120b9,ff22f1fb,weld,38,102.223,58.2204,105,-180,0,-135,30,1,24,150,weld
fb5120b9,ff22f1fb,weld,39,104.304,58.2599,105,-180,0,-135,30,1,24,150,weld
fb5120b9,ff22f1fb,weld,40,106.795,58.7532,105,-180,0,-135,30,1,24,150,weld
fb5120b9,ff22f1fb,weld,41,109.285,59.2464,105,-180,0,-135,30,1,24,150,weld
fb5120b9,ff22f1fb,weld,42,111.776,59.7397,105,-180,0,-135,30,1,24,150,weld
fb5120b9,ff22f1fb,weld,43,113.47,60.3332,105,-180,0,-135,30,1,24,150,weld
fb5120b9,ff22f1fb,weld,44,115.165,60.9267,105,-180,0,-135,30,1,24,150,weld
fb5120b9,ff22f1fb,weld,45,116.86,61.5202,105,-180,0,-135,30,1,24,150,weld
fb5120b9,ff22f1fb,weld,46,118.554,62.1137,105,-180,0,-135,30,1,24,150,weld
fb5120b9,ff22f1fb,weld,47,119.299,63.0866,105,-180,0,-135,30,1,24,150,weld
fb5120b9,ff22f1fb,weld,48,120.044,64.0594,105,-180,0,-135,30,1,24,150,weld
fb5120b9,ff22f1fb,weld,49,120.789,65.0322,105,-180,0,-135,30,1,24,150,weld
fb5120b9,ff22f1fb,weld,50,121.533,66.0051,105,-180,0,-135,30,1,24,150,weld
fb5120b9,ff22f1fb,weld,51,121.427,67.3722,105,-180,0,-135,30,1,24,150,weld
fb5120b9,ff22f1fb,weld,52,121.321,68.7394,105,-180,0,-135,30,1,24,150,weld
fb5120b9,ff22f1fb,weld,53,121.215,70.1066,105,-180,0,-135,30,1,24,150,weld
fb5120b9,ff22f1fb,weld,54,120.556,71.4183,105,-180,0,-135,30,1,24,150,weld
fb5120b9,ff22f1fb,weld,55,119.898,72.7301,105,-180,0,-135,30,1,24,150,weld
fb5120b9,ff22f1fb,weld,56,119.24,74.0418,105,-180,0,-135,30,1,24,150,weld
fb5120b9,ff22f1fb,weld,57,117.329,74.9823,105,-180,0,-135,30,1,24,150,weld
fb5120b9,ff22f1fb,weld,58,115.418,75.9227,105,-180,0,-135,30,1,24,150,weld
fb5120b9,ff22f1fb,weld,59,113.507,76.8632,105,-180,0,-135,30,1,24,150,weld
fb5120b9,ff22f1fb,weld,60,111.537,77.2023,105,-180,0,-135,30,1,24,150,weld
fb5120b9,ff22f1fb,weld,61,109.567,77.5415,105,-180,0,-135,30,1,24,150,weld
fb5120b9,ff22f1fb,weld,62,107.597,77.8807,105,-180,0,-135,30,1,24,150,weld
fb5120b9,ff22f1fb,weld,63,105.628,78.2198,105,-180,0,-135,30,1,24,150,weld
fb5120b9,ff22f1fb,weld,64,103.647,78.5253,105,-180,0,-135,30,1,24,150,weld
fb5120b9,ff22f1fb,weld,65,101.666,78.8307,105,-180,0,-135,30,1,24,150,weld
fb5120b9,ff22f1fb,weld,66,99.6849,79.1361,105,-180,0,-135,30,1,24,150,weld
fb5120b9,ff22f1fb,weld,67,97.704,79.4416,105,-180,0,-135,30,1,24,150,weld
fb5120b9,ff22f1fb,weld,68,95.6207,79.435,105,-180,0,-135,30,1,24,150,weld
fb5120b9,ff22f1fb,weld,69,93.5374,79.4284,105,-180,0,-135,30,1,24,150,weld
fb5120b9,ff22f1fb,weld,70,91.4541,79.4219,105,-180,0,-135,30,1,24,150,weld
fb5120b9,ff22f1fb,weld,71,89.3708,79.4153,105,-180,0,-135,30,1,24,150,weld
fb5120b9,ff22f1fb,weld,72,87.2876,79.4088,105,-180,0,-135,30,1,24,150,weld
fb5120b9,ff22f1fb,weld,73,85.2043,79.4022,105,-180,0,-135,30,1,24,150,weld
fb5120b9,ff22f1fb,weld,74,83.121,79.3956,105,-180,0,-135,30,1,24,150,weld
fb5120b9,ff22f1fb,weld,75,81.0377,79.3891,105,-180,0,-135,30,1,24,150,weld
fb5120b9,ff22f1fb,weld,76,78.9544,79.3825,105,-180,0,-135,30,1,24,150,weld
fb5120b9,ff22f1fb,weld,77,76.8711,79.376,105,-180,0,-135,30,1,24,150,weld
fb5120b9,ff22f1fb,weld,78,74.7878,79.3694,105,-180,0,-135,30,1,24,150,weld
fb5120b9,ff22f1fb,weld,79,72.7045,79.3628,105,-180,0,-135,30,1,24,150,weld
fb5120b9,ff22f1fb,weld,80,70.6293,79.3283,105,-180,0,-135,30,1,24,150,weld
fb5120b9,ff22f1fb,weld,81,68.5541,79.2938,105,-180,0,-135,30,1,24,150,weld
fb5120b9,ff22f1fb,weld,82,66.4789,79.2593,105,-180,0,-135,30,1,24,150,weld
fb5120b9,ff22f1fb,weld,83,64.4036,79.2248,105,-180,0,-135,30,1,24,150,weld
be5a122c,ff22f1fb,overlap,0,64,79.1667,105,-180,0,-135,30,1,24,150,overlap
be5a122c,ff22f1fb,overlap,1,64.016,78.125,105,-180,0,-135,30,1,24,150,overlap
be5a122c,ff22f1fb,overlap,2,64.0321,77.0834,105,-180,0,-135,30,1,24,150,overlap
be5a122c,ff22f1fb,overlap,3,64.0481,76.0418,105,-180,0,-135,30,1,24,150,overlap
be5a122c,ff22f1fb,overlap,4,64.0641,75.0001,105,-180,0,-135,30,1,24,150,overlap
be5a122c,ff22f1fb,overlap,5,64.0801,73.9585,105,-180,0,-135,30,1,24,150,overlap
d5d9529a,ff22f1fb,lead_out,0,64.4036,79.2248,105,-180,0,-135,30,1,24,150,lead_out
d5d9529a,ff22f1fb,lead_out,1,63.9037,79.2165,105,-180,0,-135,30,1,24,150,lead_out
d5d9529a,ff22f1fb,lead_out,2,63.4038,79.2082,105,-180,0,-135,30,1,24,150,lead_out
d5d9529a,ff22f1fb,lead_out,3,62.9038,79.1999,105,-180,0,-135,30,1,24,150,lead_out
d5d9529a,ff22f1fb,lead_out,4,62.4039,79.1916,105,-180,0,-135,30,1,24,150,lead_out
d5d9529a,ff22f1fb,lead_out,5,61.904,79.1833,105,-180,0,-135,30,1,24,150,lead_out
d5d9529a,ff22f1fb,lead_out,6,61.404,79.175,105,-180,0,-135,30,1,24,150,lead_out
10eb23cc,ff22f1fb,retreat,0,64,79.1667,115,-180,0,-135,80,0,0,0,retreat
10eb23cc,ff22f1fb,retreat,1,64,79.1667,115,-180,0,-135,80,0,0,0,retreat
f465c64e,c0815f57,travel,0,44.6667,87.5,115,-180,0,-135,80,0,0,0,travel
f465c64e,c0815f57,travel,1,44.6667,87.5,115,-180,0,-135,80,0,0,0,travel
8b5654e5,c0815f57,lead_in,0,44.6667,87.5,105,-180,0,-135,30,1,24,150,lead_in
8b5654e5,c0815f57,lead_in,1,44.6575,87.9999,105,-180,0,-135,30,1,24,150,lead_in
8b5654e5,c0815f57,lead_in,2,44.6483,88.4998,105,-180,0,-135,30,1,24,150,lead_in
8b5654e5,c0815f57,lead_in,3,44.6391,88.9997,105,-180,0,-135,30,1,24,150,lead_in
8b5654e5,c0815f57,lead_in,4,44.63,89.4997,105,-180,0,-135,30,1,24,150,lead_in
8b5654e5,c0815f57,lead_in,5,44.6208,89.9996,105,-180,0,-135,30,1,24,150,lead_in
8b5654e5,c0815f57,lead_in,6,44.6116,90.4995,105,-180,0,-135,30,1,24,150,lead_in
1ff4ea3e,c0815f57,weld,0,44.6667,87.5,105,-180,0,-135,30,1,24,150,weld
1ff4ea3e,c0815f57,weld,1,44.6858,86.4584,105,-180,0,-135,30,1,24,150,weld
1ff4ea3e,c0815f57,weld,2,44.7049,85.4168,105,-180,0,-135,30,1,24,150,weld
1ff4ea3e,c0815f57,weld,3,44.724,84.3751,105,-180,0,-135,30,1,24,150,weld
1ff4ea3e,c0815f57,weld,4,44.7431,83.3335,105,-180,0,-135,30,1,24,150,weld
1ff4ea3e,c0815f57,weld,5,44.7622,82.2919,105,-180,0,-135,30,1,24,150,weld
1ff4ea3e,c0815f57,weld,6,44.7813,81.2503,105,-180,0,-135,30,1,24,150,weld
1ff4ea3e,c0815f57,weld,7,44.8005,80.2086,105,-180,0,-135,30,1,24,150,weld
1ff4ea3e,c0815f57,weld,8,44.8196,79.167,105,-180,0,-135,30,1,24,150,weld
1ff4ea3e,c0815f57,weld,9,44.8387,78.1254,105,-180,0,-135,30,1,24,150,weld
1ff4ea3e,c0815f57,weld,10,44.8578,77.0838,105,-180,0,-135,30,1,24,150,weld
1ff4ea3e,c0815f57,weld,11,44.8769,76.0421,105,-180,0,-135,30,1,24,150,weld
1ff4ea3e,c0815f57,weld,12,44.896,75.0005,105,-180,0,-135,30,1,24,150,weld
1ff4ea3e,c0815f57,weld,13,44.9151,73.9589,105,-180,0,-135,30,1,24,150,weld
1ff4ea3e,c0815f57,weld,14,44.9342,72.9173,105,-180,0,-135,30,1,24,150,weld
1ff4ea3e,c0815f57,weld,15,44.9534,71.8757,105,-180,0,-135,30,1,24,150,weld
1ff4ea3e,c0815f57,weld,16,44.9725,70.834,105,-180,0,-135,30,1,24,150,weld
1ff4ea3e,c0815f57,weld,17,44.9916,69.7924,105,-180,0,-135,30,1,24,150,weld
1ff4ea3e,c0815f57,weld,18,45.0107,68.7508,105,-180,0,-135,30,1,24,150,weld
1ff4ea3e,c0815f57,weld,19,45.0298,67.7092,105,-180,0,-135,30,1,24,150,weld
1ff4ea3e,c0815f57,weld,20,45.0489,66.6675,105,-180,0,-135,30,1,24,150,weld
1ff4ea3e,c0815f57,weld,21,45.068,65.6259,105,-180,0,-135,30,1,24,150,weld
1ff4ea3e,c0815f57,weld,22,45.0871,64.5843,105,-180,0,-135,30,1,24,150,weld
1ff4ea3e,c0815f57,weld,23,45.1063,63.5427,105,-180,0,-135,30,1,24,150,weld
1ff4ea3e,c0815f57,weld,24,45.1254,62.5011,105,-180,0,-135,30,1,24,150,weld
1ff4ea3e,c0815f57,weld,25,45.1445,61.4594,105,-180,0,-135,30,1,24,150,weld
1ff4ea3e,c0815f57,weld,26,45.1636,60.4178,105,-180,0,-135,30,1,24,150,weld
1ff4ea3e,c0815f57,weld,27,45.1827,59.3762,105,-180,0,-135,30,1,24,150,weld
1ff4ea3e,c0815f57,weld,28,45.2018,58.3346,105,-180,0,-135,30,1,24,150,weld
1ff4ea3e,c0815f57,weld,29,45.2209,57.2929,105,-180,0,-135,30,1,24,150,weld
1ff4ea3e,c0815f57,weld,30,45.24,56.2513,105,-180,0,-135,30,1,24,150,weld
1ff4ea3e,c0815f57,weld,31,45.2591,55.2097,105,-180,0,-135,30,1,24,150,weld
1ff4ea3e,c0815f57,weld,32,45.2783,54.1681,105,-180,0,-135,30,1,24,150,weld
1ff4ea3e,c0815f57,weld,33,45.2974,53.1264,105,-180,0,-135,30,1,24,150,weld
1ff4ea3e,c0815f57,weld,34,45.3165,52.0848,105,-180,0,-135,30,1,24,150,weld
1ff4ea3e,c0815f57,weld,35,45.3356,51.0432,105,-180,0,-135,30,1,24,150,weld
1ff4ea3e,c0815f57,weld,36,45.3547,50.0016,105,-180,0,-135,30,1,24,150,weld
1ff4ea3e,c0815f57,weld,37,45.3738,48.96,105,-180,0,-135,30,1,24,150,weld
1ff4ea3e,c0815f57,weld,38,45.3929,47.9183,105,-180,0,-135,30,1,24,150,weld
1ff4ea3e,c0815f57,weld,39,45.412,46.8767,105,-180,0,-135,30,1,24,150,weld
1ff4ea3e,c0815f57,weld,40,45.4312,45.8351,105,-180,0,-135,30,1,24,150,weld
1ff4ea3e,c0815f57,weld,41,45.4503,44.7935,105,-180,0,-135,30,1,24,150,weld
1ff4ea3e,c0815f57,weld,42,45.4694,43.7518,105,-180,0,-135,30,1,24,150,weld
1ff4ea3e,c0815f57,weld,43,45.4885,42.7102,105,-180,0,-135,30,1,24,150,weld
1ff4ea3e,c0815f57,weld,44,45.5076,41.6686,105,-180,0,-135,30,1,24,150,weld
1ff4ea3e,c0815f57,weld,45,45.5267,40.627,105,-180,0,-135,30,1,24,150,weld
1ff4ea3e,c0815f57,weld,46,45.5458,39.5853,105,-180,0,-135,30,1,24,150,weld
1ff4ea3e,c0815f57,weld,47,45.5649,38.5437,105,-180,0,-135,30,1,24,150,weld
1ff4ea3e,c0815f57,weld,48,45.5841,37.5021,105,-180,0,-135,30,1,24,150,weld
1ff4ea3e,c0815f57,weld,49,45.6032,36.4605,105,-180,0,-135,30,1,24,150,weld
1ff4ea3e,c0815f57,weld,50,45.6223,35.4189,105,-180,0,-135,30,1,24,150,weld
1ff4ea3e,c0815f57,weld,51,45.6414,34.3772,105,-180,0,-135,30,1,24,150,weld
1ff4ea3e,c0815f57,weld,52,45.6605,33.3356,105,-180,0,-135,30,1,24,150,weld
1ff4ea3e,c0815f57,weld,53,45.6796,32.294,105,-180,0,-135,30,1,24,150,weld
1ff4ea3e,c0815f57,weld,54,45.6987,31.2524,105,-180,0,-135,30,1,24,150,weld
1ff4ea3e,c0815f57,weld,55,45.7178,30.2107,105,-180,0,-135,30,1,24,150,weld
1ff4ea3e,c0815f57,weld,56,45.737,29.1691,105,-180,0,-135,30,1,24,150,weld
1ff4ea3e,c0815f57,weld,57,45.7561,28.1275,105,-180,0,-135,30,1,24,150,weld
1ff4ea3e,c0815f57,weld,58,45.7752,27.0859,105,-180,0,-135,30,1,24,150,weld
1ff4ea3e,c0815f57,weld,59,45.7943,26.0443,105,-180,0,-135,30,1,24,150,weld
1ff4ea3e,c0815f57,weld,60,45.8134,25.0026,105,-180,0,-135,30,1,24,150,weld
1ff4ea3e,c0815f57,weld,61,45.8325,23.961,105,-180,0,-135,30,1,24,150,weld
1ff4ea3e,c0815f57,weld,62,45.8516,22.9194,105,-180,0,-135,30,1,24,150,weld
1ff4ea3e,c0815f57,weld,63,45.8707,21.8778,105,-180,0,-135,30,1,24,150,weld
1ff4ea3e,c0815f57,weld,64,45.8899,20.8361,105,-180,0,-135,30,1,24,150,weld
1ff4ea3e,c0815f57,weld,65,45.909,19.7945,105,-180,0,-135,30,1,24,150,weld
1ff4ea3e,c0815f57,weld,66,45.9281,18.7529,105,-180,0,-135,30,1,24,150,weld
1ff4ea3e,c0815f57,weld,67,45.9472,17.7113,105,-180,0,-135,30,1,24,150,weld
1ff4ea3e,c0815f57,weld,68,45.9663,16.6696,105,-180,0,-135,30,1,24,150,weld
1ff4ea3e,c0815f57,weld,69,47.5311,16.0575,105,-180,0,-135,30,1,24,150,weld
1ff4ea3e,c0815f57,weld,70,49.0958,15.4454,105,-180,0,-135,30,1,24,150,weld
1ff4ea3e,c0815f57,weld,71,50.6606,14.8333,105,-180,0,-135,30,1,24,150,weld
1ff4ea3e,c0815f57,weld,72,52.7439,14.8333,105,-180,0,-135,30,1,24,150,weld
1ff4ea3e,c0815f57,weld,73,54.8272,14.8333,105,-180,0,-135,30,1,24,150,weld
1ff4ea3e,c0815f57,weld,74,56.9106,14.8333,105,-180,0,-135,30,1,24,150,weld
1ff4ea3e,c0815f57,weld,75,58.9939,14.8333,105,-180,0,-135,30,1,24,150,weld
1ff4ea3e,c0815f57,weld,76,61.0772,14.8333,105,-180,0,-135,30,1,24,150,weld
1ff4ea3e,c0815f57,weld,77,63.1606,14.8333,105,-180,0,-135,30,1,24,150,weld
1ff4ea3e,c0815f57,weld,78,65.2439,14.8333,105,-180,0,-135,30,1,24,150,weld
1ff4ea3e,c0815f57,weld,79,67.3272,14.8333,105,-180,0,-135,30,1,24,150,weld
1ff4ea3e,c0815f57,weld,80,69.4106,14.8333,105,-180,0,-135,30,1,24,150,weld
1ff4ea3e,c0815f57,weld,81,71.4939,14.8333,105,-180,0,-135,30,1,24,150,weld
1ff4ea3e,c0815f57,weld,82,73.5772,14.8333,105,-180,0,-135,30,1,24,150,weld
1ff4ea3e,c0815f57,weld,83,75.6606,14.8333,105,-180,0,-135,30,1,24,150,weld
1ff4ea3e,c0815f57,weld,84,77.7439,14.8333,105,-180,0,-135,30,1,24,150,weld
1ff4ea3e,c0815f57,weld,85,79.8272,14.8333,105,-180,0,-135,30,1,24,150,weld
1ff4ea3e,c0815f57,weld,86,81.9106,14.8333,105,-180,0,-135,30,1,24,150,weld
1ff4ea3e,c0815f57,weld,87,83.9939,14.8333,105,-180,0,-135,30,1,24,150,weld
1ff4ea3e,c0815f57,weld,88,86.0772,14.8333,105,-180,0,-135,30,1,24,150,weld
1ff4ea3e,c0815f57,weld,89,88.1606,14.8333,105,-180,0,-135,30,1,24,150,weld
1ff4ea3e,c0815f57,weld,90,90.2439,14.8333,105,-180,0,-135,30,1,24,150,weld
1ff4ea3e,c0815f57,weld,91,92.3272,14.8333,105,-180,0,-135,30,1,24,150,weld
1ff4ea3e,c0815f57,weld,92,94.4106,14.8333,105,-180,0,-135,30,1,24,150,weld
1ff4ea3e,c0815f57,weld,93,96.4939,14.8333,105,-180,0,-135,30,1,24,150,weld
1ff4ea3e,c0815f57,weld,94,98.5772,14.8333,105,-180,0,-135,30,1,24,150,weld
1ff4ea3e,c0815f57,weld,95,100.661,14.8333,105,-180,0,-135,30,1,24,150,weld
1ff4ea3e,c0815f57,weld,96,102.715,14.984,105,-180,0,-135,30,1,24,150,weld
1ff4ea3e,c0815f57,weld,97,104.769,15.1347,105,-180,0,-135,30,1,24,150,weld
1ff4ea3e,c0815f57,weld,98,106.824,15.2855,105,-180,0,-135,30,1,24,150,weld
1ff4ea3e,c0815f57,weld,99,108.878,15.4362,105,-180,0,-135,30,1,24,150,weld
1ff4ea3e,c0815f57,weld,100,110.923,15.6346,105,-180,0,-135,30,1,24,150,weld
1ff4ea3e,c0815f57,weld,101,112.968,15.8331,105,-180,0,-135,30,1,24,150,weld
1ff4ea3e,c0815f57,weld,102,115.013,16.0316,105,-180,0,-135,30,1,24,150,weld
1ff4ea3e,c0815f57,weld,103,117.059,16.2301,105,-180,0,-135,30,1,24,150,weld
1ff4ea3e,c0815f57,weld,104,118.984,16.5717,105,-180,0,-135,30,1,24,150,weld
1ff4ea3e,c0815f57,weld,105,120.909,16.9133,105,-180,0,-135,30,1,24,150,weld
1ff4ea3e,c0815f57,weld,106,122.834,17.2548,105,-180,0,-135,30,1,24,150,weld
1ff4ea3e,c0815f57,weld,107,124.76,17.5964,105,-180,0,-135,30,1,24,150,weld
1ff4ea3e,c0815f57,weld,108,126.477,18.1861,105,-180,0,-135,30,1,24,150,weld
1ff4ea3e,c0815f57,weld,109,128.195,18.7757,105,-180,0,-135,30,1,24,150,weld
1ff4ea3e,c0815f57,weld,110,129.912,19.3654,105,-180,0,-135,30,1,24,150,weld
1ff4ea3e,c0815f57,weld,111,131.629,19.955,105,-180,0,-135,30,1,24,150,weld
1ff4ea3e,c0815f57,weld,112,133.347,20.5447,105,-180,0,-135,30,1,24,150,weld
1ff4ea3e,c0815f57,weld,113,135.064,21.1343,105,-180,0,-135,30,1,24,150,weld
1ff4ea3e,c0815f57,weld,114,136.782,21.724,105,-180,0,-135,30,1,24,150,weld
1ff4ea3e,c0815f57,weld,115,138.499,22.3137,105,-180,0,-135,30,1,24,150,weld
1ff4ea3e,c0815f57,weld,116,139.45,23.2065,105,-180,0,-135,30,1,24,150,weld
1ff4ea3e,c0815f57,weld,117,140.401,24.0993,105,-180,0,-135,30,1,24,150,weld
1ff4ea3e,c0815f57,weld,118,141.352,24.9922,105,-180,0,-135,30,1,24,150,weld
1ff4ea3e,c0815f57,weld,119,142.303,25.885,105,-180,0,-135,30,1,24,150,weld
1ff4ea3e,c0815f57,weld,120,143.056,26.8563,105,-180,0,-135,30,1,24,150,weld
1ff4ea3e,c0815f57,weld,121,143.809,27.8276,105,-180,0,-135,30,1,24,150,weld
1ff4ea3e,c0815f57,weld,122,144.562,28.7989,105,-180,0,-135,30,1,24,150,weld
1ff4ea3e,c0815f57,weld,123,145.314,29.7702,105,-180,0,-135,30,1,24,150,weld
1ff4ea3e,c0815f57,weld,124,145.866,30.757,105,-180,0,-135,30,1,24,150,weld
1ff4ea3e,c0815f57,weld,125,146.417,31.7439,105,-180,0,-135,30,1,24,150,weld
1ff4ea3e,c0815f57,weld,126,146.968,32.7308,105,-180,0,-135,30,1,24,150,weld
1ff4ea3e,c0815f57,weld,127,147.519,33.7177,105,-180,0,-135,30,1,24,150,weld
1ff4ea3e,c0815f57,weld,128,147.389,34.7573,105,-180,0,-135,30,1,24,150,weld
1ff4ea3e,c0815f57,weld,129,147.258,35.7969,105,-180,0,-135,30,1,24,150,weld
1ff4ea3e,c0815f57,weld,130,147.128,36.8365,105,-180,0,-135,30,1,24,150,weld
1ff4ea3e,c0815f57,weld,131,146.997,37.8762,105,-180,0,-135,30,1,24,150,weld
1ff4ea3e,c0815f57,weld,132,146.556,38.8772,105,-180,0,-135,30,1,24,150,weld
1ff4ea3e,c0815f57,weld,133,146.114,39.8783,105,-180,0,-135,30,1,24,150,weld
1ff4ea3e,c0815f57,weld,134,145.673,40.8793,105,-180,0,-135,30,1,24,150,weld
1ff4ea3e,c0815f57,weld,135,145.231,41.8803,105,-180,0,-135,30,1,24,150,weld
1ff4ea3e,c0815f57,weld,136,144.375,42.83,105,-180,0,-135,30,1,24,150,weld
1ff4ea3e,c0815f57,weld,137,143.519,43.7797,105,-180,0,-135,30,1,24,150,weld
1ff4ea3e,c0815f57,weld,138,142.663,44.7293,105,-180,0,-135,30,1,24,150,weld
1ff4ea3e,c0815f57,weld,139,141.806,45.679,105,-180,0,-135,30,1,24,150,weld
1ff4ea3e,c0815f57,weld,140,140.506,46.4663,105,-180,0,-135,30,1,24,150,weld
1ff4ea3e,c0815f57,weld,141,139.205,47.2536,105,-180,0,-135,30,1,24,150,weld
1ff4ea3e,c0815f57,weld,142,137.904,48.041,105,-180,0,-135,30,1,24,150,weld
1ff4ea3e,c0815f57,weld,143,136.604,48.8283,105,-180,0,-135,30,1,24,150,weld
1ff4ea3e,c0815f57,weld,144,135.039,49.5116,105,-180,0,-135,30,1,24,150,weld
1ff4ea3e,c0815f57,weld,145,133.473,50.1948,105,-180,0,-135,30,1,24,150,weld
1ff4ea3e,c0815f57,weld,146,131.908,50.8781,105,-180,0,-135,30,1,24,150,weld
1ff4ea3e,c0815f57,weld,147,130.343,51.5614,105,-180,0,-135,30,1,24,150,weld
1ff4ea3e,c0815f57,weld,148,128.399,51.9354,105,-180,0,-135,30,1,24,150,weld
1ff4ea3e,c0815f57,weld,149,126.454,52.3095,105,-180,0,-135,30,1,24,150,weld
1ff4ea3e,c0815f57,weld,150,124.51,52.6835,105,-180,0,-135,30,1,24,150,weld
1ff4ea3e,c0815f57,weld,151,122.566,53.0576,105,-180,0,-135,30,1,24,150,weld
1ff4ea3e,c0815f57,weld,152,122.052,53.8777,105,-180,0,-135,30,1,24,150,weld
1ff4ea3e,c0815f57,weld,153,121.539,54.6978,105,-180,0,-135,30,1,24,150,weld
1ff4ea3e,c0815f57,weld,154,123.413,55.1533,105,-180,0,-135,30,1,24,150,weld
1ff4ea3e,c0815f57,weld,155,125.287,55.6088,105,-180,0,-135,30,1,24,150,weld
1ff4ea3e,c0815f57,weld,156,127.16,56.0643,105,-180,0,-135,30,1,24,150,weld
1ff4ea3e,c0815f57,weld,157,129.034,56.5198,105,-180,0,-135,30,1,24,150,weld
1ff4ea3e,c0815f57,weld,158,130.943,57.4556,105,-180,0,-135,30,1,24,150,weld
1ff4ea3e,c0815f57,weld,159,132.853,58.3914,105,-180,0,-135,30,1,24,150,weld
1ff4ea3e,c0815f57,weld,160,134.763,59.3271,105,-180,0,-135,30,1,24,150,weld
1ff4ea3e,c0815f57,weld,161,135.874,60.2084,105,-180,0,-135,30,1,24,150,weld
1ff4ea3e,c0815f57,weld,162,136.985,61.0896,105,-180,0,-135,30,1,24,150,weld
1ff4ea3e,c0815f57,weld,163,138.096,61.9708,105,-180,0,-135,30,1,24,150,weld
1ff4ea3e,c0815f57,weld,164,139.207,62.852,105,-180,0,-135,30,1,24,150,weld
1ff4ea3e,c0815f57,weld,165,139.542,63.8598,105,-180,0,-135,30,1,24,150,weld
1ff4ea3e,c0815f57,weld,166,139.878,64.8677,105,-180,0,-135,30,1,24,150,weld
1ff4ea3e,c0815f57,weld,167,140.214,65.8755,105,-180,0,-135,30,1,24,150,weld
1ff4ea3e,c0815f57,weld,168,140.55,66.8834,105,-180,0,-135,30,1,24,150,weld
1ff4ea3e,c0815f57,weld,169,140.694,67.9225,105,-180,0,-135,30,1,24,150,weld
1ff4ea3e,c0815f57,weld,170,140.838,68.9617,105,-180,0,-135,30,1,24,150,weld
1ff4ea3e,c0815f57,weld,171,140.982,70.0009,105,-180,0,-135,30,1,24,150,weld
1ff4ea3e,c0815f57,weld,172,141.126,71.0401,105,-180,0,-135,30,1,24,150,weld
1ff4ea3e,c0815f57,weld,173,140.651,72.0237,105,-180,0,-135,30,1,24,150,weld
1ff4ea3e,c0815f57,weld,174,140.177,73.0074,105,-180,0,-135,30,1,24,150,weld
1ff4ea3e,c0815f57,weld,175,139.703,73.9911,105,-180,0,-135,30,1,24,150,weld
1ff4ea3e,c0815f57,weld,176,139.228,74.9747,105,-180,0,-135,30,1,24,150,weld
1ff4ea3e,c0815f57,weld,177,138.37,75.9239,105,-180,0,-135,30,1,24,150,weld
1ff4ea3e,c0815f57,weld,178,137.512,76.8731,105,-180,0,-135,30,1,24,150,weld
1ff4ea3e,c0815f57,weld,179,136.654,77.8223,105,-180,0,-135,30,1,24,150,weld
1ff4ea3e,c0815f57,weld,180,135.796,78.7715,105,-180,0,-135,30,1,24,150,weld
1ff4ea3e,c0815f57,weld,181,134.575,79.5752,105,-180,0,-135,30,1,24,150,weld
1ff4ea3e,c0815f57,weld,182,133.355,80.3788,105,-180,0,-135,30,1,24,150,weld
1ff4ea3e,c0815f57,weld,183,132.134,81.1824,105,-180,0,-135,30,1,24,150,weld
1ff4ea3e,c0815f57,weld,184,130.913,81.986,105,-180,0,-135,30,1,24,150,weld
1ff4ea3e,c0815f57,weld,185,129.245,82.61,105,-180,0,-135,30,1,24,150,weld
1ff4ea3e,c0815f57,weld,186,127.577,83.234,105,-180,0,-135,30,1,24,150,weld
1ff4ea3e,c0815f57,weld,187,125.909,83.858,105,-180,0,-135,30,1,24,150,weld
1ff4ea3e,c0815f57,weld,188,124.241,84.482,105,-180,0,-135,30,1,24,150,weld
1ff4ea3e,c0815f57,weld,189,122.288,84.8207,105,-180,0,-135,30,1,24,150,weld
1ff4ea3e,c0815f57,weld,190,120.335,85.1594,105,-180,0,-135,30,1,24,150,weld
1ff4ea3e,c0815f57,weld,191,118.382,85.4981,105,-180,0,-135,30,1,24,150,weld
1ff4ea3e,c0815f57,weld,192,116.43,85.8368,105,-180,0,-135,30,1,24,150,weld
1ff4ea3e,c0815f57,weld,193,114.429,86.1276,105,-180,0,-135,30,1,24,150,weld
1ff4ea3e,c0815f57,weld,194,112.429,86.4184,105,-180,0,-135,30,1,24,150,weld
1ff4ea3e,c0815f57,weld,195,110.428,86.7092,105,-180,0,-135,30,1,24,150,weld
1ff4ea3e,c0815f57,weld,196,108.428,87,105,-180,0,-135,30,1,24,150,weld
1ff4ea3e,c0815f57,weld,197,106.356,87.0513,105,-180,0,-135,30,1,24,150,weld
1ff4ea3e,c0815f57,weld,198,104.285,87.1025,105,-180,0,-135,30,1,24,150,weld
1ff4ea3e,c0815f57,weld,199,102.214,87.1538,105,-180,0,-135,30,1,24,150,weld
1ff4ea3e,c0815f57,weld,200,100.142,87.2051,105,-180,0,-135,30,1,24,150,weld
1ff4ea3e,c0815f57,weld,201,98.0591,87.2163,105,-180,0,-135,30,1,24,150,weld
1ff4ea3e,c0815f57,weld,202,95.9759,87.2274,105,-180,0,-135,30,1,24,150,weld
1ff4ea3e,c0815f57,weld,203,93.8927,87.2385,105,-180,0,-135,30,1,24,150,weld
1ff4ea3e,c0815f57,weld,204,91.8094,87.2497,105,-180,0,-135,30,1,24,150,weld
1ff4ea3e,c0815f57,weld,205,89.7262,87.2608,105,-180,0,-135,30,1,24,150,weld
1ff4ea3e,c0815f57,weld,206,87.643,87.272,105,-180,0,-135,30,1,24,150,weld
1ff4ea3e,c0815f57,weld,207,85.5598,87.2831,105,-180,0,-135,30,1,24,150,weld
1ff4ea3e,c0815f57,weld,208,83.4766,87.2942,105,-180,0,-135,30,1,24,150,weld
1ff4ea3e,c0815f57,weld,209,81.3934,87.3054,105,-180,0,-135,30,1,24,150,weld
1ff4ea3e,c0815f57,weld,210,79.3102,87.3165,105,-180,0,-135,30,1,24,150,weld
1ff4ea3e,c0815f57,weld,211,77.2269,87.3277,105,-180,0,-135,30,1,24,150,weld
1ff4ea3e,c0815f57,weld,212,75.1437,87.3388,105,-180,0,-135,30,1,24,150,weld
1ff4ea3e,c0815f57,weld,213,73.0605,87.3499,105,-180,0,-135,30,1,24,150,weld
1ff4ea3e,c0815f57,weld,214,70.9773,87.3611,105,-180,0,-135,30,1,24,150,weld
1ff4ea3e,c0815f57,weld,215,68.8941,87.3722,105,-180,0,-135,30,1,24,150,weld
1ff4ea3e,c0815f57,weld,216,66.8109,87.3834,105,-180,0,-135,30,1,24,150,weld
1ff4ea3e,c0815f57,weld,217,64.7277,87.3945,105,-180,0,-135,30,1,24,150,weld
1ff4ea3e,c0815f57,weld,218,62.6444,87.4056,105,-180,0,-135,30,1,24,150,weld
1ff4ea3e,c0815f57,weld,219,60.5612,87.4168,105,-180,0,-135,30,1,24,150,weld
1ff4ea3e,c0815f57,weld,220,58.478,87.4279,105,-180,0,-135,30,1,24,150,weld
1ff4ea3e,c0815f57,weld,221,56.3948,87.4391,105,-180,0,-135,30,1,24,150,weld
1ff4ea3e,c0815f57,weld,222,54.3116,87.4502,105,-180,0,-135,30,1,24,150,weld
1ff4ea3e,c0815f57,weld,223,52.2284,87.4613,105,-180,0,-135,30,1,24,150,weld
1ff4ea3e,c0815f57,weld,224,50.1452,87.4725,105,-180,0,-135,30,1,24,150,weld
2634d423,c0815f57,overlap,0,44.6667,87.5,105,-180,0,-135,30,1,24,150,overlap
2634d423,c0815f57,overlap,1,44.6858,86.4584,105,-180,0,-135,30,1,24,150,overlap
2634d423,c0815f57,overlap,2,44.7049,85.4168,105,-180,0,-135,30,1,24,150,overlap
2634d423,c0815f57,overlap,3,44.724,84.3751,105,-180,0,-135,30,1,24,150,overlap
2634d423,c0815f57,overlap,4,44.7431,83.3335,105,-180,0,-135,30,1,24,150,overlap
2634d423,c0815f57,overlap,5,44.7622,82.2919,105,-180,0,-135,30,1,24,150,overlap
56051a4b,c0815f57,lead_out,0,50.1452,87.4725,105,-180,0,-135,30,1,24,150,lead_out
56051a4b,c0815f57,lead_out,1,49.6452,87.4752,105,-180,0,-135,30,1,24,150,lead_out
56051a4b,c0815f57,lead_out,2,49.1452,87.4778,105,-180,0,-135,30,1,24,150,lead_out
56051a4b,c0815f57,lead_out,3,48.6452,87.4805,105,-180,0,-135,30,1,24,150,lead_out
56051a4b,c0815f57,lead_out,4,48.1452,87.4832,105,-180,0,-135,30,1,24,150,lead_out
56051a4b,c0815f57,lead_out,5,47.6452,87.4859,105,-180,0,-135,30,1,24,150,lead_out
56051a4b,c0815f57,lead_out,6,47.1452,87.4885,105,-180,0,-135,30,1,24,150,lead_out
33295ccd,c0815f57,retreat,0,44.6667,87.5,115,-180,0,-135,80,0,0,0,retreat
33295ccd,c0815f57,retreat,1,44.6667,87.5,115,-180,0,-135,80,0,0,0,retreat
b7890093,241e7734,travel,0,64,49.3333,115,-180,0,-135,80,0,0,0,travel
b7890093,241e7734,travel,1,64,49.3333,115,-180,0,-135,80,0,0,0,travel
554e20db,241e7734,lead_in,0,64,49.3333,105,-180,0,-135,30,1,24,150,lead_in
554e20db,241e7734,lead_in,1,63.9874,49.8332,105,-180,0,-135,30,1,24,150,lead_in
554e20db,241e7734,lead_in,2,63.9749,50.333,105,-180,0,-135,30,1,24,150,lead_in
554e20db,241e7734,lead_in,3,63.9623,50.8329,105,-180,0,-135,30,1,24,150,lead_in
554e20db,241e7734,lead_in,4,63.9498,51.3327,105,-180,0,-135,30,1,24,150,lead_in
554e20db,241e7734,lead_in,5,63.9372,51.8325,105,-180,0,-135,30,1,24,150,lead_in
554e20db,241e7734,lead_in,6,63.9247,52.3324,105,-180,0,-135,30,1,24,150,lead_in
f0e2fe27,241e7734,weld,0,64,49.3333,105,-180,0,-135,30,1,24,150,weld
f0e2fe27,241e7734,weld,1,64.0262,48.2917,105,-180,0,-135,30,1,24,150,weld
f0e2fe27,241e7734,weld,2,64.0523,47.2502,105,-180,0,-135,30,1,24,150,weld
f0e2fe27,241e7734,weld,3,64.0785,46.2086,105,-180,0,-135,30,1,24,150,weld
f0e2fe27,241e7734,weld,4,64.1046,45.167,105,-180,0,-135,30,1,24,150,weld
f0e2fe27,241e7734,weld,5,64.1308,44.1254,105,-180,0,-135,30,1,24,150,weld
f0e2fe27,241e7734,weld,6,64.157,43.0838,105,-180,0,-135,30,1,24,150,weld
f0e2fe27,241e7734,weld,7,64.1831,42.0422,105,-180,0,-135,30,1,24,150,weld
f0e2fe27,241e7734,weld,8,64.2093,41.0007,105,-180,0,-135,30,1,24,150,weld
f0e2fe27,241e7734,weld,9,64.2355,39.9591,105,-180,0,-135,30,1,24,150,weld
f0e2fe27,241e7734,weld,10,64.2616,38.9175,105,-180,0,-135,30,1,24,150,weld
f0e2fe27,241e7734,weld,11,64.2878,37.8759,105,-180,0,-135,30,1,24,150,weld
f0e2fe27,241e7734,weld,12,64.3139,36.8343,105,-180,0,-135,30,1,24,150,weld
f0e2fe27,241e7734,weld,13,64.3401,35.7927,105,-180,0,-135,30,1,24,150,weld
f0e2fe27,241e7734,weld,14,64.3663,34.7511,105,-180,0,-135,30,1,24,150,weld
f0e2fe27,241e7734,weld,15,64.3924,33.7096,105,-180,0,-135,30,1,24,150,weld
f0e2fe27,241e7734,weld,16,64.4186,32.668,105,-180,0,-135,30,1,24,150,weld
f0e2fe27,241e7734,weld,17,64.4448,31.6264,105,-180,0,-135,30,1,24,150,weld
f0e2fe27,241e7734,weld,18,64.4709,30.5848,105,-180,0,-135,30,1,24,150,weld
f0e2fe27,241e7734,weld,19,64.4971,29.5432,105,-180,0,-135,30,1,24,150,weld
f0e2fe27,241e7734,weld,20,64.5232,28.5016,105,-180,0,-135,30,1,24,150,weld
f0e2fe27,241e7734,weld,21,64.5494,27.4601,105,-180,0,-135,30,1,24,150,weld
f0e2fe27,241e7734,weld,22,64.5756,26.4185,105,-180,0,-135,30,1,24,150,weld
f0e2fe27,241e7734,weld,23,64.6017,25.3769,105,-180,0,-135,30,1,24,150,weld
f0e2fe27,241e7734,weld,24,64.6279,24.3353,105,-180,0,-135,30,1,24,150,weld
f0e2fe27,241e7734,weld,25,66.4153,23.8722,105,-180,0,-135,30,1,24,150,weld
f0e2fe27,241e7734,weld,26,68.2026,23.4091,105,-180,0,-135,30,1,24,150,weld
f0e2fe27,241e7734,weld,27,69.99,22.946,105,-180,0,-135,30,1,24,150,weld
f0e2fe27,241e7734,weld,28,72.0715,22.9901,105,-180,0,-135,30,1,24,150,weld
f0e2fe27,241e7734,weld,29,74.1529,23.0341,105,-180,0,-135,30,1,24,150,weld
f0e2fe27,241e7734,weld,30,76.2344,23.0781,105,-180,0,-135,30,1,24,150,weld
f0e2fe27,241e7734,weld,31,78.3159,23.1222,105,-180,0,-135,30,1,24,150,weld
f0e2fe27,241e7734,weld,32,80.3974,23.1662,105,-180,0,-135,30,1,24,150,weld
f0e2fe27,241e7734,weld,33,82.4788,23.2103,105,-180,0,-135,30,1,24,150,weld
f0e2fe27,241e7734,weld,34,84.5603,23.2543,105,-180,0,-135,30,1,24,150,weld
f0e2fe27,241e7734,weld,35,86.6418,23.2984,105,-180,0,-135,30,1,24,150,weld
f0e2fe27,241e7734,weld,36,88.7232,23.3424,105,-180,0,-135,30,1,24,150,weld
f0e2fe27,241e7734,weld,37,90.8047,23.3865,105,-180,0,-135,30,1,24,150,weld
f0e2fe27,241e7734,weld,38,92.8862,23.4305,105,-180,0,-135,30,1,24,150,weld
f0e2fe27,241e7734,weld,39,94.9676,23.4746,105,-180,0,-135,30,1,24,150,weld
f0e2fe27,241e7734,weld,40,97.0491,23.5186,105,-180,0,-135,30,1,24,150,weld
f0e2fe27,241e7734,weld,41,99.1306,23.5627,105,-180,0,-135,30,1,24,150,weld
f0e2fe27,241e7734,weld,42,101.212,23.6067,105,-180,0,-135,30,1,24,150,weld
f0e2fe27,241e7734,weld,43,103.294,23.6508,105,-180,0,-135,30,1,24,150,weld
f0e2fe27,241e7734,weld,44,105.362,23.7194,105,-180,0,-135,30,1,24,150,weld
f0e2fe27,241e7734,weld,45,107.43,23.788,105,-180,0,-135,30,1,24,150,weld
f0e2fe27,241e7734,weld,46,109.498,23.8567,105,-180,0,-135,30,1,24,150,weld
f0e2fe27,241e7734,weld,47,111.566,23.9253,105,-180,0,-135,30,1,24,150,weld
f0e2fe27,241e7734,weld,48,113.37,24.4327,105,-180,0,-135,30,1,24,150,weld
f0e2fe27,241e7734,weld,49,115.174,24.9402,105,-180,0,-135,30,1,24,150,weld
f0e2fe27,241e7734,weld,50,116.978,25.4476,105,-180,0,-135,30,1,24,150,weld
f0e2fe27,241e7734,weld,51,118.782,25.955,105,-180,0,-135,30,1,24,150,weld
f0e2fe27,241e7734,weld,52,119.969,26.8112,105,-180,0,-135,30,1,24,150,weld
f0e2fe27,241e7734,weld,53,121.155,27.6675,105,-180,0,-135,30,1,24,150,weld
f0e2fe27,241e7734,weld,54,122.342,28.5237,105,-180,0,-135,30,1,24,150,weld
f0e2fe27,241e7734,weld,55,123.528,29.38,105,-180,0,-135,30,1,24,150,weld
f0e2fe27,241e7734,weld,56,124.394,30.6402,105,-180,0,-135,30,1,24,150,weld
f0e2fe27,241e7734,weld,57,125.259,31.9004,105,-180,0,-135,30,1,24,150,weld
f0e2fe27,241e7734,weld,58,126.125,33.1607,105,-180,0,-135,30,1,24,150,weld
f0e2fe27,241e7734,weld,59,126.195,34.2018,105,-180,0,-135,30,1,24,150,weld
f0e2fe27,241e7734,weld,60,126.265,35.2428,105,-180,0,-135,30,1,24,150,weld
f0e2fe27,241e7734,weld,61,126.335,36.2839,105,-180,0,-135,30,1,24,150,weld
f0e2fe27,241e7734,weld,62,126.405,37.325,105,-180,0,-135,30,1,24,150,weld
f0e2fe27,241e7734,weld,63,126.05,38.656,105,-180,0,-135,30,1,24,150,weld
f0e2fe27,241e7734,weld,64,125.696,39.987,105,-180,0,-135,30,1,24,150,weld
f0e2fe27,241e7734,weld,65,125.341,41.318,105,-180,0,-135,30,1,24,150,weld
f0e2fe27,241e7734,weld,66,124.283,42.2152,105,-180,0,-135,30,1,24,150,weld
f0e2fe27,241e7734,weld,67,123.224,43.1123,105,-180,0,-135,30,1,24,150,weld
f0e2fe27,241e7734,weld,68,122.165,44.0095,105,-180,0,-135,30,1,24,150,weld
f0e2fe27,241e7734,weld,69,121.107,44.9067,105,-180,0,-135,30,1,24,150,weld
f0e2fe27,241e7734,weld,70,119.05,45.7007,105,-180,0,-135,30,1,24,150,weld
f0e2fe27,241e7734,weld,71,116.994,46.4947,105,-180,0,-135,30,1,24,150,weld
f0e2fe27,241e7734,weld,72,114.937,47.2887,105,-180,0,-135,30,1,24,150,weld
f0e2fe27,241e7734,weld,73,112.956,47.6105,105,-180,0,-135,30,1,24,150,weld
f0e2fe27,241e7734,weld,74,110.974,47.9323,105,-180,0,-135,30,1,24,150,weld
f0e2fe27,241e7734,weld,75,108.993,48.2541,105,-180,0,-135,30,1,24,150,weld
f0e2fe27,241e7734,weld,76,107.011,48.5759,105,-180,0,-135,30,1,24,150,weld
f0e2fe27,241e7734,weld,77,105.014,48.8471,105,-180,0,-135,30,1,24,150,weld
f0e2fe27,241e7734,weld,78,103.017,49.1183,105,-180,0,-135,30,1,24,150,weld
f0e2fe27,241e7734,weld,79,101.02,49.3895,105,-180,0,-135,30,1,24,150,weld
f0e2fe27,241e7734,weld,80,99.0235,49.6607,105,-180,0,-135,30,1,24,150,weld
f0e2fe27,241e7734,weld,81,96.9403,49.6511,105,-180,0,-135,30,1,24,150,weld
f0e2fe27,241e7734,weld,82,94.857,49.6415,105,-180,0,-135,30,1,24,150,weld
f0e2fe27,241e7734,weld,83,92.7738,49.632,105,-180,0,-135,30,1,24,150,weld
f0e2fe27,241e7734,weld,84,90.6905,49.6224,105,-180,0,-135,30,1,24,150,weld
f0e2fe27,241e7734,weld,85,88.6073,49.6129,105,-180,0,-135,30,1,24,150,weld
f0e2fe27,241e7734,weld,86,86.524,49.6033,105,-180,0,-135,30,1,24,150,weld
f0e2fe27,241e7734,weld,87,84.4408,49.5938,105,-180,0,-135,30,1,24,150,weld
f0e2fe27,241e7734,weld,88,82.3575,49.5842,105,-180,0,-135,30,1,24,150,weld
f0e2fe27,241e7734,weld,89,80.2743,49.5747,105,-180,0,-135,30,1,24,150,weld
f0e2fe27,241e7734,weld,90,78.1911,49.5651,105,-180,0,-135,30,1,24,150,weld
f0e2fe27,241e7734,weld,91,76.1078,49.5555,105,-180,0,-135,30,1,24,150,weld
f0e2fe27,241e7734,weld,92,74.0246,49.546,105,-180,0,-135,30,1,24,150,weld
f0e2fe27,241e7734,weld,93,71.9413,49.5364,105,-180,0,-135,30,1,24,150,weld
f0e2fe27,241e7734,weld,94,69.8581,49.5269,105,-180,0,-135,30,1,24,150,weld
f0e2fe27,241e7734,weld,95,67.7748,49.5173,105,-180,0,-135,30,1,24,150,weld
f0e2fe27,241e7734,weld,96,65.6916,49.5078,105,-180,0,-135,30,1,24,150,weld
07b16f5b,241e7734,overlap,0,64,49.3333,105,-180,0,-135,30,1,24,150,overlap
07b16f5b,241e7734,overlap,1,64.0262,48.2917,105,-180,0,-135,30,1,24,150,overlap
07b16f5b,241e7734,overlap,2,64.0523,47.2502,105,-180,0,-135,30,1,24,150,overlap
07b16f5b,241e7734,overlap,3,64.0785,46.2086,105,-180,0,-135,30,1,24,150,overlap
07b16f5b,241e7734,overlap,4,64.1046,45.167,105,-180,0,-135,30,1,24,150,overlap
07b16f5b,241e7734,overlap,5,64.1308,44.1254,105,-180,0,-135,30,1,24,150,overlap
d54d2454,241e7734,lead_out,0,65.6916,49.5078,105,-180,0,-135,30,1,24,150,lead_out
d54d2454,241e7734,lead_out,1,65.1916,49.5055,105,-180,0,-135,30,1,24,150,lead_out
d54d2454,241e7734,lead_out,2,64.6916,49.5032,105,-180,0,-135,30,1,24,150,lead_out
d54d2454,241e7734,lead_out,3,64.1916,49.5009,105,-180,0,-135,30,1,24,150,lead_out
d54d2454,241e7734,lead_out,4,63.6916,49.4986,105,-180,0,-135,30,1,24,150,lead_out
d54d2454,241e7734,lead_out,5,63.1916,49.4963,105,-180,0,-135,30,1,24,150,lead_out
d54d2454,241e7734,lead_out,6,62.6916,49.494,105,-180,0,-135,30,1,24,150,lead_out
0ed5df3f,241e7734,retreat,0,64,49.3333,115,-180,0,-135,80,0,0,0,retreat
0ed5df3f,241e7734,retreat,1,64,49.3333,115,-180,0,-135,80,0,0,0,retreat
