segment_id,stroke_id,segment_type,point_index,x,y,z,rx,ry,rz,speed_mm_s,arc_enabled,voltage,current,tag
bd7dc624,e3ada489,travel,0,44.6467,81.8333,115,-180,0,-135,80,0,0,0,travel
bd7dc624,e3ada489,travel,1,44.6467,81.8333,115,-180,0,-135,80,0,0,0,travel
e42a5624,e3ada489,lead_in,0,44.6467,81.8333,105,-180,0,-135,30,1,24,150,lead_in
e42a5624,e3ada489,lead_in,1,44.1467,81.8333,105,-180,0,-135,30,1,24,150,lead_in
e42a5624,e3ada489,lead_in,2,43.6467,81.8333,105,-180,0,-135,30,1,24,150,lead_in
e42a5624,e3ada489,lead_in,3,43.1467,81.8333,105,-180,0,-135,30,1,24,150,lead_in
e42a5624,e3ada489,lead_in,4,42.6467,81.8333,105,-180,0,-135,30,1,24,150,lead_in
e42a5624,e3ada489,lead_in,5,42.1467,81.8333,105,-180,0,-135,30,1,24,150,lead_in
e42a5624,e3ada489,lead_in,6,41.6467,81.8333,105,-180,0,-135,30,1,24,150,lead_in
06e14553,e3ada489,weld,0,44.6467,81.8333,105,-180,0,-135,30,1,24,150,weld
06e14553,e3ada489,weld,1,60.6867,81.8333,105,-180,0,-135,30,1,24,150,weld
3b76bafd,e3ada489,lead_out,0,60.6867,81.8333,105,-180,0,-135,30,1,24,150,lead_out
3b76bafd,e3ada489,lead_out,1,61.1867,81.8333,105,-180,0,-135,30,1,24,150,lead_out
3b76bafd,e3ada489,lead_out,2,61.6867,81.8333,105,-180,0,-135,30,1,24,150,lead_out
3b76bafd,e3ada489,lead_out,3,62.1867,81.8333,105,-180,0,-135,30,1,24,150,lead_out
3b76bafd,e3ada489,lead_out,4,62.6867,81.8333,105,-180,0,-135,30,1,24,150,lead_out
3b76bafd,e3ada489,lead_out,5,63.1867,81.8333,105,-180,0,-135,30,1,24,150,lead_out
3b76bafd,e3ada489,lead_out,6,63.6867,81.8333,105,-180,0,-135,30,1,24,150,lead_out
ae5a53a3,e3ada489,retreat,0,60.6867,81.8333,115,-180,0,-135,80,0,0,0,retreat
ae5a53a3,e3ada489,retreat,1,60.6867,81.8333,115,-180,0,-135,80,0,0,0,retreat
08727623,6b731ca5,travel,0,52.6667,61.6667,115,-180,0,-135,80,0,0,0,travel
08727623,6b731ca5,travel,1,52.6667,61.6667,115,-180,0,-135,80,0,0,0,travel
a51277d7,6b731ca5,lead_in,0,52.6667,61.6667,105,-180,0,-135,30,1,24,150,lead_in
a51277d7,6b731ca5,lead_in,1,52.6667,62.1667,105,-180,0,-135,30,1,24,150,lead_in
a51277d7,6b731ca5,lead_in,2,52.6667,62.6667,105,-180,0,-135,30,1,24,150,lead_in
a51277d7,6b731ca5,lead_in,3,52.6667,63.1667,105,-180,0,-135,30,1,24,150,lead_in
a51277d7,6b731ca5,lead_in,4,52.6667,63.6667,105,-180,0,-135,30,1,24,150,lead_in
a51277d7,6b731ca5,lead_in,5,52.6667,64.1667,105,-180,0,-135,30,1,24,150,lead_in
a51277d7,6b731ca5,lead_in,6,52.6667,64.6667,105,-180,0,-135,30,1,24,150,lead_in
68a72c6e,6b731ca5,weld,0,52.6667,61.6667,105,-180,0,-135,30,1,24,150,weld
68a72c6e,6b731ca5,weld,1,52.6667,60.2879,105,-180,0,-135,30,1,24,150,weld
68a72c6e,6b731ca5,weld,2,52.6667,58.9091,105,-180,0,-135,30,1,24,150,weld
68a72c6e,6b731ca5,weld,3,52.6667,57.5303,105,-180,0,-135,30,1,24,150,weld
68a72c6e,6b731ca5,weld,4,52.6667,56.1515,105,-180,0,-135,30,1,24,150,weld
68a72c6e,6b731ca5,weld,5,52.6667,54.7727,105,-180,0,-135,30,1,24,150,weld
68a72c6e,6b731ca5,weld,6,52.6667,53.3939,105,-180,0,-135,30,1,24,150,weld
68a72c6e,6b731ca5,weld,7,52.6667,52.0152,105,-180,0,-135,30,1,24,150,weld
68a72c6e,6b731ca5,weld,8,52.6667,50.6364,105,-180,0,-135,30,1,24,150,weld
68a72c6e,6b731ca5,weld,9,52.6667,49.2576,105,-180,0,-135,30,1,24,150,weld
68a72c6e,6b731ca5,weld,10,52.6667,47.8788,105,-180,0,-135,30,1,24,150,weld
68a72c6e,6b731ca5,weld,11,52.6667,46.5,105,-180,0,-135,30,1,24,150,weld
68a72c6e,6b731ca5,weld,12,52.6667,45.1212,105,-180,0,-135,30,1,24,150,weld
68a72c6e,6b731ca5,weld,13,52.6667,43.7424,105,-180,0,-135,30,1,24,150,weld
68a72c6e,6b731ca5,weld,14,52.6667,42.3636,105,-180,0,-135,30,1,24,150,weld
68a72c6e,6b731ca5,weld,15,52.6667,40.9848,105,-180,0,-135,30,1,24,150,weld
68a72c6e,6b731ca5,weld,16,52.6667,39.6061,105,-180,0,-135,30,1,24,150,weld
68a72c6e,6b731ca5,weld,17,52.6667,38.2273,105,-180,0,-135,30,1,24,150,weld
68a72c6e,6b731ca5,weld,18,52.6667,36.8485,105,-180,0,-135,30,1,24,150,weld
68a72c6e,6b731ca5,weld,19,52.6667,35.4697,105,-180,0,-135,30,1,24,150,weld
68a72c6e,6b731ca5,weld,20,52.6667,34.0909,105,-180,0,-135,30,1,24,150,weld
68a72c6e,6b731ca5,weld,21,52.6667,32.7121,105,-180,0,-135,30,1,24,150,weld
68a72c6e,6b731ca5,weld,22,52.6667,31.3333,105,-180,0,-135,30,1,24,150,weld
68a72c6e,6b731ca5,weld,23,52.6667,29.9545,105,-180,0,-135,30,1,24,150,weld
68a72c6e,6b731ca5,weld,24,52.6667,28.5758,105,-180,0,-135,30,1,24,150,weld
68a72c6e,6b731ca5,weld,25,52.6667,27.197,105,-180,0,-135,30,1,24,150,weld
68a72c6e,6b731ca5,weld,26,52.6667,25.8182,105,-180,0,-135,30,1,24,150,weld
68a72c6e,6b731ca5,weld,27,52.6667,24.4394,105,-180,0,-135,30,1,24,150,weld
68a72c6e,6b731ca5,weld,28,52.6667,23.0606,105,-180,0,-135,30,1,24,150,weld
68a72c6e,6b731ca5,weld,29,52.6667,21.6818,105,-180,0,-135,30,1,24,150,weld
68a72c6e,6b731ca5,weld,30,52.6667,20.303,105,-180,0,-135,30,1,24,150,weld
68a72c6e,6b731ca5,weld,31,52.6667,18.9242,105,-180,0,-135,30,1,24,150,weld
68a72c6e,6b731ca5,weld,32,52.6667,17.5455,105,-180,0,-135,30,1,24,150,weld
68a72c6e,6b731ca5,weld,33,52.6667,16.1667,105,-180,0,-135,30,1,24,150,weld
4778529e,6b731ca5,lead_out,0,52.6667,16.1667,105,-180,0,-135,30,1,24,150,lead_out
4778529e,6b731ca5,lead_out,1,52.6667,15.6667,105,-180,0,-135,30,1,24,150,lead_out
4778529e,6b731ca5,lead_out,2,52.6667,15.1667,105,-180,0,-135,30,1,24,150,lead_out
4778529e,6b731ca5,lead_out,3,52.6667,14.6667,105,-180,0,-135,30,1,24,150,lead_out
4778529e,6b731ca5,lead_out,4,52.6667,14.1667,105,-180,0,-135,30,1,24,150,lead_out
4778529e,6b731ca5,lead_out,5,52.6667,13.6667,105,-180,0,-135,30,1,24,150,lead_out
4778529e,6b731ca5,lead_out,6,52.6667,13.1667,105,-180,0,-135,30,1,24,150,lead_out
73856c1d,6b731ca5,retreat,0,52.6667,16.1667,115,-180,0,-135,80,0,0,0,retreat
73856c1d,6b731ca5,retreat,1,52.6667,16.1667,115,-180,0,-135,80,0,0,0,retreat
