segment_id,stroke_id,segment_type,point_index,x,y,z,rx,ry,rz,speed_mm_s,arc_enabled,voltage,current,tag
98c841c7,4a989067,travel,0,82,12.5,115,-180,0,-135,80,0,0,0,travel
98c841c7,4a989067,travel,1,82,12.5,115,-180,0,-135,80,0,0,0,travel
a6bf908a,4a989067,lead_in,0,82,12.5,105,-180,0,-135,30,1,24,150,lead_in
a6bf908a,4a989067,lead_in,1,82.3029,12.1022,105,-180,0,-135,30,1,24,150,lead_in
a6bf908a,4a989067,lead_in,2,82.6058,11.7044,105,-180,0,-135,30,1,24,150,lead_in
a6bf908a,4a989067,lead_in,3,82.9087,11.3066,105,-180,0,-135,30,1,24,150,lead_in
a6bf908a,4a989067,lead_in,4,83.2116,10.9088,105,-180,0,-135,30,1,24,150,lead_in
a6bf908a,4a989067,lead_in,5,83.5146,10.511,105,-180,0,-135,30,1,24,150,lead_in
a6bf908a,4a989067,lead_in,6,83.8175,10.1132,105,-180,0,-135,30,1,24,150,lead_in
8d846068,4a989067,weld,0,82,12.5,105,-180,0,-135,30,1,24,150,weld
8d846068,4a989067,weld,1,81.407,13.2788,105,-180,0,-135,30,1,24,150,weld
8d846068,4a989067,weld,2,80.8139,14.0576,105,-180,0,-135,30,1,24,150,weld
8d846068,4a989067,weld,3,80.2209,14.8364,105,-180,0,-135,30,1,24,150,weld
8d846068,4a989067,weld,4,79.6279,15.6152,105,-180,0,-135,30,1,24,150,weld
8d846068,4a989067,weld,5,79.0349,16.394,105,-180,0,-135,30,1,24,150,weld
8d846068,4a989067,weld,6,78.4418,17.1728,105,-180,0,-135,30,1,24,150,weld
8d846068,4a989067,weld,7,77.8488,17.9516,105,-180,0,-135,30,1,24,150,weld
8d846068,4a989067,weld,8,77.2558,18.7304,105,-180,0,-135,30,1,24,150,weld
8d846068,4a989067,weld,9,76.6627,19.5092,105,-180,0,-135,30,1,24,150,weld
8d846068,4a989067,weld,10,76.0697,20.288,105,-180,0,-135,30,1,24,150,weld
8d846068,4a989067,weld,11,75.4767,21.0668,105,-180,0,-135,30,1,24,150,weld
8d846068,4a989067,weld,12,74.8837,21.8456,105,-180,0,-135,30,1,24,150,weld
8d846068,4a989067,weld,13,74.2906,22.6244,105,-180,0,-135,30,1,24,150,weld
8d846068,4a989067,weld,14,73.6976,23.4031,105,-180,0,-135,30,1,24,150,weld
8d846068,4a989067,weld,15,73.1046,24.1819,105,-180,0,-135,30,1,24,150,weld
8d846068,4a989067,weld,16,72.5115,24.9607,105,-180,0,-135,30,1,24,150,weld
8d846068,4a989067,weld,17,71.9185,25.7395,105,-180,0,-135,30,1,24,150,weld
8d846068,4a989067,weld,18,71.3255,26.5183,105,-180,0,-135,30,1,24,150,weld
8d846068,4a989067,weld,19,70.7325,27.2971,105,-180,0,-135,30,1,24,150,weld
8d846068,4a989067,weld,20,70.1394,28.0759,105,-180,0,-135,30,1,24,150,weld
8d846068,4a989067,weld,21,69.5464,28.8547,105,-180,0,-135,30,1,24,150,weld
8d846068,4a989067,weld,22,68.9534,29.6335,105,-180,0,-135,30,1,24,150,weld
8d846068,4a989067,weld,23,68.3603,30.4123,105,-180,0,-135,30,1,24,150,weld
8d846068,4a989067,weld,24,67.7673,31.1911,105,-180,0,-135,30,1,24,150,weld
8d846068,4a989067,weld,25,67.1743,31.9699,105,-180,0,-135,30,1,24,150,weld
8d846068,4a989067,weld,26,66.5813,32.7487,105,-180,0,-135,30,1,24,150,weld
8d846068,4a989067,weld,27,65.9882,33.5275,105,-180,0,-135,30,1,24,150,weld
8d846068,4a989067,weld,28,65.3952,34.3063,105,-180,0,-135,30,1,24,150,weld
8d846068,4a989067,weld,29,64.8022,35.0851,105,-180,0,-135,30,1,24,150,weld
8d846068,4a989067,weld,30,64.2091,35.8639,105,-180,0,-135,30,1,24,150,weld
8d846068,4a989067,weld,31,63.6161,36.6427,105,-180,0,-135,30,1,24,150,weld
8d846068,4a989067,weld,32,63.0231,37.4215,105,-180,0,-135,30,1,24,150,weld
8d846068,4a989067,weld,33,62.4301,38.2003,105,-180,0,-135,30,1,24,150,weld
8d846068,4a989067,weld,34,61.837,38.9791,105,-180,0,-135,30,1,24,150,weld
8d846068,4a989067,weld,35,61.244,39.7579,105,-180,0,-135,30,1,24,150,weld
8d846068,4a989067,weld,36,60.651,40.5367,105,-180,0,-135,30,1,24,150,weld
8d846068,4a989067,weld,37,60.0579,41.3155,105,-180,0,-135,30,1,24,150,weld
8d846068,4a989067,weld,38,59.4649,42.0943,105,-180,0,-135,30,1,24,150,weld
8d846068,4a989067,weld,39,58.8719,42.8731,105,-180,0,-135,30,1,24,150,weld
8d846068,4a989067,weld,40,58.2789,43.6519,105,-180,0,-135,30,1,24,150,weld
8d846068,4a989067,weld,41,57.6858,44.4307,105,-180,0,-135,30,1,24,150,weld
8d846068,4a989067,weld,42,57.0928,45.2094,105,-180,0,-135,30,1,24,150,weld
8d846068,4a989067,weld,43,56.4998,45.9882,105,-180,0,-135,30,1,24,150,weld
8d846068,4a989067,weld,44,55.9067,46.767,105,-180,0,-135,30,1,24,150,weld
8d846068,4a989067,weld,45,55.3137,47.5458,105,-180,0,-135,30,1,24,150,weld
8d846068,4a989067,weld,46,54.7207,48.3246,105,-180,0,-135,30,1,24,150,weld
8d846068,4a989067,weld,47,54.1277,49.1034,105,-180,0,-135,30,1,24,150,weld
8d846068,4a989067,weld,48,53.5346,49.8822,105,-180,0,-135,30,1,24,150,weld
8d846068,4a989067,weld,49,52.9416,50.661,105,-180,0,-135,30,1,24,150,weld
8d846068,4a989067,weld,50,52.3486,51.4398,105,-180,0,-135,30,1,24,150,weld
8d846068,4a989067,weld,51,51.7556,52.2186,105,-180,0,-135,30,1,24,150,weld
8d846068,4a989067,weld,52,51.1625,52.9974,105,-180,0,-135,30,1,24,150,weld
8d846068,4a989067,weld,53,50.5695,53.7762,105,-180,0,-135,30,1,24,150,weld
8d846068,4a989067,weld,54,49.9765,54.555,105,-180,0,-135,30,1,24,150,weld
8d846068,4a989067,weld,55,49.3834,55.3338,105,-180,0,-135,30,1,24,150,weld
8d846068,4a989067,weld,56,48.7904,56.1126,105,-180,0,-135,30,1,24,150,weld
8d846068,4a989067,weld,57,48.1974,56.8914,105,-180,0,-135,30,1,24,150,weld
8d846068,4a989067,weld,58,47.6044,57.6702,105,-180,0,-135,30,1,24,150,weld
8d846068,4a989067,weld,59,47.0113,58.449,105,-180,0,-135,30,1,24,150,weld
8d846068,4a989067,weld,60,46.4183,59.2278,105,-180,0,-135,30,1,24,150,weld
8d846068,4a989067,weld,61,45.8253,60.0066,105,-180,0,-135,30,1,24,150,weld
8d846068,4a989067,weld,62,45.2322,60.7854,105,-180,0,-135,30,1,24,150,weld
8d846068,4a989067,weld,63,44.6392,61.5642,105,-180,0,-135,30,1,24,150,weld
8d846068,4a989067,weld,64,44.0462,62.343,105,-180,0,-135,30,1,24,150,weld
8d846068,4a989067,weld,65,43.4532,63.1218,105,-180,0,-135,30,1,24,150,weld
8d846068,4a989067,weld,66,42.8601,63.9006,105,-180,0,-135,30,1,24,150,weld
8d846068,4a989067,weld,67,42.2671,64.6794,105,-180,0,-135,30,1,24,150,weld
8d846068,4a989067,weld,68,41.6741,65.4582,105,-180,0,-135,30,1,24,150,weld
8d846068,4a989067,weld,69,41.081,66.2369,105,-180,0,-135,30,1,24,150,weld
8d846068,4a989067,weld,70,40.488,67.0157,105,-180,0,-135,30,1,24,150,weld
8d846068,4a989067,weld,71,39.895,67.7945,105,-180,0,-135,30,1,24,150,weld
8d846068,4a989067,weld,72,39.302,68.5733,105,-180,0,-135,30,1,24,150,weld
8d846068,4a989067,weld,73,38.7089,69.3521,105,-180,0,-135,30,1,24,150,weld
8d846068,4a989067,weld,74,38.1159,70.1309,105,-180,0,-135,30,1,24,150,weld
8d846068,4a989067,weld,75,37.5229,70.9097,105,-180,0,-135,30,1,24,150,weld
8d846068,4a989067,weld,76,36.9298,71.6885,105,-180,0,-135,30,1,24,150,weld
8d846068,4a989067,weld,77,36.3368,72.4673,105,-180,0,-135,30,1,24,150,weld
8d846068,4a989067,weld,78,35.7438,73.2461,105,-180,0,-135,30,1,24,150,weld
8d846068,4a989067,weld,79,35.1508,74.0249,105,-180,0,-135,30,1,24,150,weld
8d846068,4a989067,weld,80,34.5577,74.8037,105,-180,0,-135,30,1,24,150,weld
8d846068,4a989067,weld,81,33.9647,75.5825,105,-180,0,-135,30,1,24,150,weld
8d846068,4a989067,weld,82,33.3717,76.3613,105,-180,0,-135,30,1,24,150,weld
8d846068,4a989067,weld,83,32.7786,77.1401,105,-180,0,-135,30,1,24,150,weld
8d846068,4a989067,weld,84,32.1856,77.9189,105,-180,0,-135,30,1,24,150,weld
8d846068,4a989067,weld,85,31.5926,78.6977,105,-180,0,-135,30,1,24,150,weld
8d846068,4a989067,weld,86,30.9996,79.4765,105,-180,0,-135,30,1,24,150,weld
8d846068,4a989067,weld,87,30.4065,80.2553,105,-180,0,-135,30,1,24,150,weld
8d846068,4a989067,weld,88,29.8135,81.0341,105,-180,0,-135,30,1,24,150,weld
8d846068,4a989067,weld,89,29.2205,81.8129,105,-180,0,-135,30,1,24,150,weld
8d846068,4a989067,weld,90,28.6274,82.5917,105,-180,0,-135,30,1,24,150,weld
8d846068,4a989067,weld,91,28.0344,83.3705,105,-180,0,-135,30,1,24,150,weld
8d846068,4a989067,weld,92,27.4414,84.1493,105,-180,0,-135,30,1,24,150,weld
8d846068,4a989067,weld,93,26.8484,84.9281,105,-180,0,-135,30,1,24,150,weld
8d846068,4a989067,weld,94,27.8226,85.1573,105,-180,0,-135,30,1,24,150,weld
8d846068,4a989067,weld,95,29.489,85.1439,105,-180,0,-135,30,1,24,150,weld
8d846068,4a989067,weld,96,31.1555,85.1305,105,-180,0,-135,30,1,24,150,weld
8d846068,4a989067,weld,97,32.8219,85.117,105,-180,0,-135,30,1,24,150,weld
8d846068,4a989067,weld,98,34.4884,85.1036,105,-180,0,-135,30,1,24,150,weld
8d846068,4a989067,weld,99,36.1548,85.0901,105,-180,0,-135,30,1,24,150,weld
8d846068,4a989067,weld,100,37.8213,85.0767,105,-180,0,-135,30,1,24,150,weld
8d846068,4a989067,weld,101,39.4877,85.0633,105,-180,0,-135,30,1,24,150,weld
8d846068,4a989067,weld,102,41.1542,85.0498,105,-180,0,-135,30,1,24,150,weld
8d846068,4a989067,weld,103,42.8206,85.0364,105,-180,0,-135,30,1,24,150,weld
8d846068,4a989067,weld,104,44.4871,85.023,105,-180,0,-135,30,1,24,150,weld
8d846068,4a989067,weld,105,46.1535,85.0095,105,-180,0,-135,30,1,24,150,weld
8d846068,4a989067,weld,106,47.4983,84.7711,105,-180,0,-135,30,1,24,150,weld
8d846068,4a989067,weld,107,48.0634,83.9871,105,-180,0,-135,30,1,24,150,weld
8d846068,4a989067,weld,108,48.6284,83.2031,105,-180,0,-135,30,1,24,150,weld
8d846068,4a989067,weld,109,49.1934,82.4191,105,-180,0,-135,30,1,24,150,weld
8d846068,4a989067,weld,110,49.7585,81.6351,105,-180,0,-135,30,1,24,150,weld
8d846068,4a989067,weld,111,50.3235,80.8512,105,-180,0,-135,30,1,24,150,weld
8d846068,4a989067,weld,112,50.8885,80.0672,105,-180,0,-135,30,1,24,150,weld
8d846068,4a989067,weld,113,51.4536,79.2832,105,-180,0,-135,30,1,24,150,weld
8d846068,4a989067,weld,114,52.0186,78.4992,105,-180,0,-135,30,1,24,150,weld
8d846068,4a989067,weld,115,52.5836,77.7152,105,-180,0,-135,30,1,24,150,weld
8d846068,4a989067,weld,116,53.1487,76.9312,105,-180,0,-135,30,1,24,150,weld
8d846068,4a989067,weld,117,53.7137,76.1473,105,-180,0,-135,30,1,24,150,weld
8d846068,4a989067,weld,118,54.2787,75.3633,105,-180,0,-135,30,1,24,150,weld
8d846068,4a989067,weld,119,54.8438,74.5793,105,-180,0,-135,30,1,24,150,weld
8d846068,4a989067,weld,120,55.4088,73.7953,105,-180,0,-135,30,1,24,150,weld
8d846068,4a989067,weld,121,55.9738,73.0113,105,-180,0,-135,30,1,24,150,weld
8d846068,4a989067,weld,122,56.5389,72.2273,105,-180,0,-135,30,1,24,150,weld
8d846068,4a989067,weld,123,57.1039,71.4434,105,-180,0,-135,30,1,24,150,weld
8d846068,4a989067,weld,124,57.6689,70.6594,105,-180,0,-135,30,1,24,150,weld
8d846068,4a989067,weld,125,58.2339,69.8754,105,-180,0,-135,30,1,24,150,weld
8d846068,4a989067,weld,126,58.799,69.0914,105,-180,0,-135,30,1,24,150,weld
8d846068,4a989067,weld,127,59.364,68.3074,105,-180,0,-135,30,1,24,150,weld
8d846068,4a989067,weld,128,59.929,67.5234,105,-180,0,-135,30,1,24,150,weld
8d846068,4a989067,weld,129,60.4941,66.7395,105,-180,0,-135,30,1,24,150,weld
8d846068,4a989067,weld,130,61.8243,66.5,105,-180,0,-135,30,1,24,150,weld
8d846068,4a989067,weld,131,63.4909,66.5,105,-180,0,-135,30,1,24,150,weld
8d846068,4a989067,weld,132,65.1576,66.5,105,-180,0,-135,30,1,24,150,weld
8d846068,4a989067,weld,133,66.8243,66.5,105,-180,0,-135,30,1,24,150,weld
8d846068,4a989067,weld,134,68.4909,66.5,105,-180,0,-135,30,1,24,150,weld
8d846068,4a989067,weld,135,70.1576,66.5,105,-180,0,-135,30,1,24,150,weld
8d846068,4a989067,weld,136,71.8243,66.5,105,-180,0,-135,30,1,24,150,weld
8d846068,4a989067,weld,137,73.4909,66.5,105,-180,0,-135,30,1,24,150,weld
8d846068,4a989067,weld,138,75.1576,66.5,105,-180,0,-135,30,1,24,150,weld
8d846068,4a989067,weld,139,76.8243,66.5,105,-180,0,-135,30,1,24,150,weld
8d846068,4a989067,weld,140,78.4909,66.5,105,-180,0,-135,30,1,24,150,weld
8d846068,4a989067,weld,141,80.1576,66.5,105,-180,0,-135,30,1,24,150,weld
8d846068,4a989067,weld,142,81.8243,66.5,105,-180,0,-135,30,1,24,150,weld
8d846068,4a989067,weld,143,83.4909,66.5,105,-180,0,-135,30,1,24,150,weld
8d846068,4a989067,weld,144,85.1576,66.5,105,-180,0,-135,30,1,24,150,weld
8d846068,4a989067,weld,145,86.8243,66.5,105,-180,0,-135,30,1,24,150,weld
8d846068,4a989067,weld,146,88.4909,66.5,105,-180,0,-135,30,1,24,150,weld
8d846068,4a989067,weld,147,90.1576,66.5,105,-180,0,-135,30,1,24,150,weld
8d846068,4a989067,weld,148,91.8243,66.5,105,-180,0,-135,30,1,24,150,weld
8d846068,4a989067,weld,149,93.4909,66.5,105,-180,0,-135,30,1,24,150,weld
8d846068,4a989067,weld,150,95.1576,66.5,105,-180,0,-135,30,1,24,150,weld
8d846068,4a989067,weld,151,96.8243,66.5,105,-180,0,-135,30,1,24,150,weld
8d846068,4a989067,weld,152,98.4909,66.5,105,-180,0,-135,30,1,24,150,weld
8d846068,4a989067,weld,153,100.158,66.5,105,-180,0,-135,30,1,24,150,weld
8d846068,4a989067,weld,154,101.824,66.5,105,-180,0,-135,30,1,24,150,weld
8d846068,4a989067,weld,155,103.491,66.5,105,-180,0,-135,30,1,24,150,weld
8d846068,4a989067,weld,156,105.158,66.5,105,-180,0,-135,30,1,24,150,weld
8d846068,4a989067,weld,157,106.824,66.5,105,-180,0,-135,30,1,24,150,weld
8d846068,4a989067,weld,158,108.491,66.5,105,-180,0,-135,30,1,24,150,weld
8d846068,4a989067,weld,159,110.158,66.5,105,-180,0,-135,30,1,24,150,weld
8d846068,4a989067,weld,160,111.824,66.5,105,-180,0,-135,30,1,24,150,weld
8d846068,4a989067,weld,161,113.491,66.5,105,-180,0,-135,30,1,24,150,weld
8d846068,4a989067,weld,162,115.158,66.5,105,-180,0,-135,30,1,24,150,weld
8d846068,4a989067,weld,163,116.824,66.5,105,-180,0,-135,30,1,24,150,weld
8d846068,4a989067,weld,164,118.491,66.5,105,-180,0,-135,30,1,24,150,weld
8d846068,4a989067,weld,165,120.158,66.5,105,-180,0,-135,30,1,24,150,weld
8d846068,4a989067,weld,166,121.824,66.5,105,-180,0,-135,30,1,24,150,weld
8d846068,4a989067,weld,167,123.491,66.5,105,-180,0,-135,30,1,24,150,weld
8d846068,4a989067,weld,168,125.158,66.5,105,-180,0,-135,30,1,24,150,weld
8d846068,4a989067,weld,169,126.279,66.8877,105,-180,0,-135,30,1,24,150,weld
8d846068,4a989067,weld,170,126.844,67.6717,105,-180,0,-135,30,1,24,150,weld
8d846068,4a989067,weld,171,127.41,68.4557,105,-180,0,-135,30,1,24,150,weld
8d846068,4a989067,weld,172,127.975,69.2397,105,-180,0,-135,30,1,24,150,weld
8d846068,4a989067,weld,173,128.54,70.0237,105,-180,0,-135,30,1,24,150,weld
8d846068,4a989067,weld,174,129.105,70.8076,105,-180,0,-135,30,1,24,150,weld
8d846068,4a989067,weld,175,129.67,71.5916,105,-180,0,-135,30,1,24,150,weld
8d846068,4a989067,weld,176,130.235,72.3756,105,-180,0,-135,30,1,24,150,weld
8d846068,4a989067,weld,177,130.8,73.1596,105,-180,0,-135,30,1,24,150,weld
8d846068,4a989067,weld,178,131.365,73.9436,105,-180,0,-135,30,1,24,150,weld
8d846068,4a989067,weld,179,131.93,74.7275,105,-180,0,-135,30,1,24,150,weld
8d846068,4a989067,weld,180,132.495,75.5115,105,-180,0,-135,30,1,24,150,weld
8d846068,4a989067,weld,181,133.06,76.2955,105,-180,0,-135,30,1,24,150,weld
8d846068,4a989067,weld,182,133.625,77.0795,105,-180,0,-135,30,1,24,150,weld
8d846068,4a989067,weld,183,134.19,77.8635,105,-180,0,-135,30,1,24,150,weld
8d846068,4a989067,weld,184,134.755,78.6475,105,-180,0,-135,30,1,24,150,weld
8d846068,4a989067,weld,185,135.32,79.4314,105,-180,0,-135,30,1,24,150,weld
8d846068,4a989067,weld,186,135.885,80.2154,105,-180,0,-135,30,1,24,150,weld
8d846068,4a989067,weld,187,136.45,80.9994,105,-180,0,-135,30,1,24,150,weld
8d846068,4a989067,weld,188,137.015,81.7834,105,-180,0,-135,30,1,24,150,weld
8d846068,4a989067,weld,189,137.58,82.5674,105,-180,0,-135,30,1,24,150,weld
8d846068,4a989067,weld,190,138.145,83.3514,105,-180,0,-135,30,1,24,150,weld
8d846068,4a989067,weld,191,138.71,84.1353,105,-180,0,-135,30,1,24,150,weld
8d846068,4a989067,weld,192,139.275,84.9193,105,-180,0,-135,30,1,24,150,weld
8d846068,4a989067,weld,193,140.828,85.0123,105,-180,0,-135,30,1,24,150,weld
8d846068,4a989067,weld,194,142.495,85.0259,105,-180,0,-135,30,1,24,150,weld
8d846068,4a989067,weld,195,144.161,85.0396,105,-180,0,-135,30,1,24,150,weld
8d846068,4a989067,weld,196,145.828,85.0532,105,-180,0,-135,30,1,24,150,weld
8d846068,4a989067,weld,197,147.494,85.0669,105,-180,0,-135,30,1,24,150,weld
8d846068,4a989067,weld,198,149.161,85.0806,105,-180,0,-135,30,1,24,150,weld
8d846068,4a989067,weld,199,150.827,85.0942,105,-180,0,-135,30,1,24,150,weld
8d846068,4a989067,weld,200,152.493,85.1079,105,-180,0,-135,30,1,24,150,weld
8d846068,4a989067,weld,201,154.16,85.1215,105,-180,0,-135,30,1,24,150,weld
8d846068,4a989067,weld,202,155.826,85.1352,105,-180,0,-135,30,1,24,150,weld
8d846068,4a989067,weld,203,157.493,85.1488,105,-180,0,-135,30,1,24,150,weld
8d846068,4a989067,weld,204,159.159,85.1625,105,-180,0,-135,30,1,24,150,weld
8d846068,4a989067,weld,205,159.254,84.625,105,-180,0,-135,30,1,24,150,weld
8d846068,4a989067,weld,206,158.661,83.8463,105,-180,0,-135,30,1,24,150,weld
8d846068,4a989067,weld,207,158.068,83.0675,105,-180,0,-135,30,1,24,150,weld
8d846068,4a989067,weld,208,157.475,82.2887,105,-180,0,-135,30,1,24,150,weld
8d846068,4a989067,weld,209,156.882,81.5099,105,-180,0,-135,30,1,24,150,weld
8d846068,4a989067,weld,210,156.289,80.7311,105,-180,0,-135,30,1,24,150,weld
8d846068,4a989067,weld,211,155.696,79.9523,105,-180,0,-135,30,1,24,150,weld
8d846068,4a989067,weld,212,155.103,79.1735,105,-180,0,-135,30,1,24,150,weld
8d846068,4a989067,weld,213,154.51,78.3947,105,-180,0,-135,30,1,24,150,weld
8d846068,4a989067,weld,214,153.917,77.6159,105,-180,0,-135,30,1,24,150,weld
8d846068,4a989067,weld,215,153.324,76.8371,105,-180,0,-135,30,1,24,150,weld
8d846068,4a989067,weld,216,152.731,76.0583,105,-180,0,-135,30,1,24,150,weld
8d846068,4a989067,weld,217,152.138,75.2795,105,-180,0,-135,30,1,24,150,weld
8d846068,4a989067,weld,218,151.545,74.5007,105,-180,0,-135,30,1,24,150,weld
8d846068,4a989067,weld,219,150.952,73.7219,105,-180,0,-135,30,1,24,150,weld
8d846068,4a989067,weld,220,150.359,72.9431,105,-180,0,-135,30,1,24,150,weld
8d846068,4a989067,weld,221,149.766,72.1643,105,-180,0,-135,30,1,24,150,weld
8d846068,4a989067,weld,222,149.173,71.3855,105,-180,0,-135,30,1,24,150,weld
8d846068,4a989067,weld,223,148.58,70.6067,105,-180,0,-135,30,1,24,150,weld
8d846068,4a989067,weld,224,147.987,69.8279,105,-180,0,-135,30,1,24,150,weld
8d846068,4a989067,weld,225,147.394,69.0491,105,-180,0,-135,30,1,24,150,weld
8d846068,4a989067,weld,226,146.801,68.2703,105,-180,0,-135,30,1,24,150,weld
8d846068,4a989067,weld,227,146.208,67.4915,105,-180,0,-135,30,1,24,150,weld
8d846068,4a989067,weld,228,145.615,66.7127,105,-180,0,-135,30,1,24,150,weld
8d846068,4a989067,weld,229,145.022,65.9339,105,-180,0,-135,30,1,24,150,weld
8d846068,4a989067,weld,230,144.429,65.1551,105,-180,0,-135,30,1,24,150,weld
8d846068,4a989067,weld,231,143.836,64.3763,105,-180,0,-135,30,1,24,150,weld
8d846068,4a989067,weld,232,143.242,63.5975,105,-180,0,-135,30,1,24,150,weld
8d846068,4a989067,weld,233,142.649,62.8188,105,-180,0,-135,30,1,24,150,weld
8d846068,4a989067,weld,234,142.056,62.04,105,-180,0,-135,30,1,24,150,weld
8d846068,4a989067,weld,235,141.463,61.2612,105,-180,0,-135,30,1,24,150,weld
8d846068,4a989067,weld,236,140.87,60.4824,105,-180,0,-135,30,1,24,150,weld
8d846068,4a989067,weld,237,140.277,59.7036,105,-180,0,-135,30,1,24,150,weld
8d846068,4a989067,weld,238,139.684,58.9248,105,-180,0,-135,30,1,24,150,weld
8d846068,4a989067,weld,239,139.091,58.146,105,-180,0,-135,30,1,24,150,weld
8d846068,4a989067,weld,240,138.498,57.3672,105,-180,0,-135,30,1,24,150,weld
8d846068,4a989067,weld,241,137.905,56.5884,105,-180,0,-135,30,1,24,150,weld
8d846068,4a989067,weld,242,137.312,55.8096,105,-180,0,-135,30,1,24,150,weld
8d846068,4a989067,weld,243,136.719,55.0308,105,-180,0,-135,30,1,24,150,weld
8d846068,4a989067,weld,244,136.126,54.252,105,-180,0,-135,30,1,24,150,weld
8d846068,4a989067,weld,245,135.533,53.4732,105,-180,0,-135,30,1,24,150,weld
8d846068,4a989067,weld,246,134.94,52.6944,105,-180,0,-135,30,1,24,150,weld
8d846068,4a989067,weld,247,134.347,51.9156,105,-180,0,-135,30,1,24,150,weld
8d846068,4a989067,weld,248,133.754,51.1368,105,-180,0,-135,30,1,24,150,weld
8d846068,4a989067,weld,249,133.161,50.358,105,-180,0,-135,30,1,24,150,weld
8d846068,4a989067,weld,250,132.568,49.5792,105,-180,0,-135,30,1,24,150,weld
8d846068,4a989067,weld,251,131.975,48.8004,105,-180,0,-135,30,1,24,150,weld
8d846068,4a989067,weld,252,131.382,48.0216,105,-180,0,-135,30,1,24,150,weld
8d846068,4a989067,weld,253,130.789,47.2428,105,-180,0,-135,30,1,24,150,weld
8d846068,4a989067,weld,254,130.196,46.464,105,-180,0,-135,30,1,24,150,weld
8d846068,4a989067,weld,255,129.603,45.6852,105,-180,0,-135,30,1,24,150,weld
8d846068,4a989067,weld,256,129.01,44.9064,105,-180,0,-135,30,1,24,150,weld
8d846068,4a989067,weld,257,128.417,44.1276,105,-180,0,-135,30,1,24,150,weld
8d846068,4a989067,weld,258,127.824,43.3488,105,-180,0,-135,30,1,24,150,weld
8d846068,4a989067,weld,259,127.231,42.57,105,-180,0,-135,30,1,24,150,weld
8d846068,4a989067,weld,260,126.638,41.7912,105,-180,0,-135,30,1,24,150,weld
8d846068,4a989067,weld,261,126.045,41.0125,105,-180,0,-135,30,1,24,150,weld
8d846068,4a989067,weld,262,125.452,40.2337,105,-180,0,-135,30,1,24,150,weld
8d846068,4a989067,weld,263,124.859,39.4549,105,-180,0,-135,30,1,24,150,weld
8d846068,4a989067,weld,264,124.266,38.6761,105,-180,0,-135,30,1,24,150,weld
8d846068,4a989067,weld,265,123.673,37.8973,105,-180,0,-135,30,1,24,150,weld
8d846068,4a989067,weld,266,123.08,37.1185,105,-180,0,-135,30,1,24,150,weld
8d846068,4a989067,weld,267,122.486,36.3397,105,-180,0,-135,30,1,24,150,weld
8d846068,4a989067,weld,268,121.893,35.5609,105,-180,0,-135,30,1,24,150,weld
8d846068,4a989067,weld,269,121.3,34.7821,105,-180,0,-135,30,1,24,150,weld
8d846068,4a989067,weld,270,120.707,34.0033,105,-180,0,-135,30,1,24,150,weld
8d846068,4a989067,weld,271,120.114,33.2245,105,-180,0,-135,30,1,24,150,weld
8d846068,4a989067,weld,272,119.521,32.4457,105,-180,0,-135,30,1,24,150,weld
8d846068,4a989067,weld,273,118.928,31.6669,105,-180,0,-135,30,1,24,150,weld
8d846068,4a989067,weld,274,118.335,30.8881,105,-180,0,-135,30,1,24,150,weld
8d846068,4a989067,weld,275,117.742,30.1093,105,-180,0,-135,30,1,24,150,weld
8d846068,4a989067,weld,276,117.149,29.3305,105,-180,0,-135,30,1,24,150,weld
8d846068,4a989067,weld,277,116.556,28.5517,105,-180,0,-135,30,1,24,150,weld
8d846068,4a989067,weld,278,115.963,27.7729,105,-180,0,-135,30,1,24,150,weld
8d846068,4a989067,weld,279,115.37,26.9941,105,-180,0,-135,30,1,24,150,weld
8d846068,4a989067,weld,280,114.777,26.2153,105,-180,0,-135,30,1,24,150,weld
8d846068,4a989067,weld,281,114.184,25.4365,105,-180,0,-135,30,1,24,150,weld
8d846068,4a989067,weld,282,113.591,24.6577,105,-180,0,-135,30,1,24,150,weld
8d846068,4a989067,weld,283,112.998,23.8789,105,-180,0,-135,30,1,24,150,weld
8d846068,4a989067,weld,284,112.405,23.1001,105,-180,0,-135,30,1,24,150,weld
8d846068,4a989067,weld,285,111.812,22.3213,105,-180,0,-135,30,1,24,150,weld
8d846068,4a989067,weld,286,111.219,21.5425,105,-180,0,-135,30,1,24,150,weld
8d846068,4a989067,weld,287,110.626,20.7637,105,-180,0,-135,30,1,24,150,weld
8d846068,4a989067,weld,288,110.033,19.985,105,-180,0,-135,30,1,24,150,weld
8d846068,4a989067,weld,289,109.44,19.2062,105,-180,0,-135,30,1,24,150,weld
8d846068,4a989067,weld,290,108.847,18.4274,105,-180,0,-135,30,1,24,150,weld
8d846068,4a989067,weld,291,108.254,17.6486,105,-180,0,-135,30,1,24,150,weld
8d846068,4a989067,weld,292,107.661,16.8698,105,-180,0,-135,30,1,24,150,weld
8d846068,4a989067,weld,293,107.068,16.091,105,-180,0,-135,30,1,24,150,weld
8d846068,4a989067,weld,294,106.475,15.3122,105,-180,0,-135,30,1,24,150,weld
8d846068,4a989067,weld,295,105.882,14.5334,105,-180,0,-135,30,1,24,150,weld
8d846068,4a989067,weld,296,105.289,13.7546,105,-180,0,-135,30,1,24,150,weld
8d846068,4a989067,weld,297,104.696,12.9758,105,-180,0,-135,30,1,24,150,weld
8d846068,4a989067,weld,298,103.685,12.5,105,-180,0,-135,30,1,24,150,weld
8d846068,4a989067,weld,299,102.018,12.5,105,-180,0,-135,30,1,24,150,weld
8d846068,4a989067,weld,300,100.352,12.5,105,-180,0,-135,30,1,24,150,weld
8d846068,4a989067,weld,301,98.6849,12.5,105,-180,0,-135,30,1,24,150,weld
8d846068,4a989067,weld,302,97.0182,12.5,105,-180,0,-135,30,1,24,150,weld
8d846068,4a989067,weld,303,95.3515,12.5,105,-180,0,-135,30,1,24,150,weld
8d846068,4a989067,weld,304,93.6849,12.5,105,-180,0,-135,30,1,24,150,weld
8d846068,4a989067,weld,305,92.0182,12.5,105,-180,0,-135,30,1,24,150,weld
8d846068,4a989067,weld,306,90.3515,12.5,105,-180,0,-135,30,1,24,150,weld
8d846068,4a989067,weld,307,88.6849,12.5,105,-180,0,-135,30,1,24,150,weld
8d846068,4a989067,weld,308,87.0182,12.5,105,-180,0,-135,30,1,24,150,weld
8d846068,4a989067,weld,309,85.3515,12.5,105,-180,0,-135,30,1,24,150,weld
8d846068,4a989067,weld,310,83.6849,12.5,105,-180,0,-135,30,1,24,150,weld
8d846068,4a989067,weld,311,82.0182,12.5,105,-180,0,-135,30,1,24,150,weld
67924dd5,4a989067,overlap,0,82,12.5,105,-180,0,-135,30,1,24,150,overlap
67924dd5,4a989067,overlap,1,81.407,13.2788,105,-180,0,-135,30,1,24,150,overlap
67924dd5,4a989067,overlap,2,80.8139,14.0576,105,-180,0,-135,30,1,24,150,overlap
67924dd5,4a989067,overlap,3,80.2209,14.8364,105,-180,0,-135,30,1,24,150,overlap
67924dd5,4a989067,overlap,4,79.6279,15.6152,105,-180,0,-135,30,1,24,150,overlap
67924dd5,4a989067,overlap,5,79.0349,16.394,105,-180,0,-135,30,1,24,150,overlap
67924dd5,4a989067,overlap,6,78.4418,17.1728,105,-180,0,-135,30,1,24,150,overlap
c0b23df1,4a989067,lead_out,0,82.0182,12.5,105,-180,0,-135,30,1,24,150,lead_out
c0b23df1,4a989067,lead_out,1,81.5182,12.5,105,-180,0,-135,30,1,24,150,lead_out
c0b23df1,4a989067,lead_out,2,81.0182,12.5,105,-180,0,-135,30,1,24,150,lead_out
c0b23df1,4a989067,lead_out,3,80.5182,12.5,105,-180,0,-135,30,1,24,150,lead_out
c0b23df1,4a989067,lead_out,4,80.0182,12.5,105,-180,0,-135,30,1,24,150,lead_out
c0b23df1,4a989067,lead_out,5,79.5182,12.5,105,-180,0,-135,30,1,24,150,lead_out
c0b23df1,4a989067,lead_out,6,79.0182,12.5,105,-180,0,-135,30,1,24,150,lead_out
e4fdc68b,4a989067,retreat,0,82,12.5,115,-180,0,-135,80,0,0,0,retreat
e4fdc68b,4a989067,retreat,1,82,12.5,115,-180,0,-135,80,0,0,0,retreat
bdbca952,68f740bf,travel,0,92.6667,22.5,115,-180,0,-135,80,0,0,0,travel
bdbca952,68f740bf,travel,1,92.6667,22.5,115,-180,0,-135,80,0,0,0,travel
52d44d60,68f740bf,lead_in,0,92.6667,22.5,105,-180,0,-135,30,1,24,150,lead_in
52d44d60,68f740bf,lead_in,1,92.9604,22.0954,105,-180,0,-135,30,1,24,150,lead_in
52d44d60,68f740bf,lead_in,2,93.2542,21.6908,105,-180,0,-135,30,1,24,150,lead_in
52d44d60,68f740bf,lead_in,3,93.548,21.2862,105,-180,0,-135,30,1,24,150,lead_in
52d44d60,68f740bf,lead_in,4,93.8417,20.8816,105,-180,0,-135,30,1,24,150,lead_in
52d44d60,68f740bf,lead_in,5,94.1355,20.477,105,-180,0,-135,30,1,24,150,lead_in
52d44d60,68f740bf,lead_in,6,94.4293,20.0724,105,-180,0,-135,30,1,24,150,lead_in
d0b4d003,68f740bf,weld,0,92.6667,22.5,105,-180,0,-135,30,1,24,150,weld
d0b4d003,68f740bf,weld,1,91.9557,23.4791,105,-180,0,-135,30,1,24,150,weld
d0b4d003,68f740bf,weld,2,91.2448,24.4583,105,-180,0,-135,30,1,24,150,weld
d0b4d003,68f740bf,weld,3,90.5339,25.4374,105,-180,0,-135,30,1,24,150,weld
d0b4d003,68f740bf,weld,4,89.823,26.4166,105,-180,0,-135,30,1,24,150,weld
d0b4d003,68f740bf,weld,5,89.112,27.3957,105,-180,0,-135,30,1,24,150,weld
d0b4d003,68f740bf,weld,6,88.4011,28.3748,105,-180,0,-135,30,1,24,150,weld
d0b4d003,68f740bf,weld,7,87.6902,29.354,105,-180,0,-135,30,1,24,150,weld
d0b4d003,68f740bf,weld,8,86.9793,30.3331,105,-180,0,-135,30,1,24,150,weld
d0b4d003,68f740bf,weld,9,86.2684,31.3123,105,-180,0,-135,30,1,24,150,weld
d0b4d003,68f740bf,weld,10,85.5574,32.2914,105,-180,0,-135,30,1,24,150,weld
d0b4d003,68f740bf,weld,11,84.8465,33.2705,105,-180,0,-135,30,1,24,150,weld
d0b4d003,68f740bf,weld,12,84.1356,34.2497,105,-180,0,-135,30,1,24,150,weld
d0b4d003,68f740bf,weld,13,83.4247,35.2288,105,-180,0,-135,30,1,24,150,weld
d0b4d003,68f740bf,weld,14,82.7137,36.208,105,-180,0,-135,30,1,24,150,weld
d0b4d003,68f740bf,weld,15,82.0028,37.1871,105,-180,0,-135,30,1,24,150,weld
d0b4d003,68f740bf,weld,16,81.2919,38.1662,105,-180,0,-135,30,1,24,150,weld
d0b4d003,68f740bf,weld,17,80.581,39.1454,105,-180,0,-135,30,1,24,150,weld
d0b4d003,68f740bf,weld,18,79.87,40.1245,105,-180,0,-135,30,1,24,150,weld
d0b4d003,68f740bf,weld,19,79.1591,41.1037,105,-180,0,-135,30,1,24,150,weld
d0b4d003,68f740bf,weld,20,78.4482,42.0828,105,-180,0,-135,30,1,24,150,weld
d0b4d003,68f740bf,weld,21,77.7373,43.062,105,-180,0,-135,30,1,24,150,weld
d0b4d003,68f740bf,weld,22,77.0263,44.0411,105,-180,0,-135,30,1,24,150,weld
d0b4d003,68f740bf,weld,23,76.3154,45.0202,105,-180,0,-135,30,1,24,150,weld
d0b4d003,68f740bf,weld,24,75.6045,45.9994,105,-180,0,-135,30,1,24,150,weld
d0b4d003,68f740bf,weld,25,74.8936,46.9785,105,-180,0,-135,30,1,24,150,weld
d0b4d003,68f740bf,weld,26,74.1826,47.9577,105,-180,0,-135,30,1,24,150,weld
d0b4d003,68f740bf,weld,27,73.4717,48.9368,105,-180,0,-135,30,1,24,150,weld
d0b4d003,68f740bf,weld,28,72.7608,49.9159,105,-180,0,-135,30,1,24,150,weld
d0b4d003,68f740bf,weld,29,72.0499,50.8951,105,-180,0,-135,30,1,24,150,weld
d0b4d003,68f740bf,weld,30,71.3389,51.8742,105,-180,0,-135,30,1,24,150,weld
d0b4d003,68f740bf,weld,31,70.628,52.8534,105,-180,0,-135,30,1,24,150,weld
d0b4d003,68f740bf,weld,32,69.9171,53.8325,105,-180,0,-135,30,1,24,150,weld
d0b4d003,68f740bf,weld,33,69.2062,54.8116,105,-180,0,-135,30,1,24,150,weld
d0b4d003,68f740bf,weld,34,68.4953,55.7908,105,-180,0,-135,30,1,24,150,weld
d0b4d003,68f740bf,weld,35,67.7843,56.7699,105,-180,0,-135,30,1,24,150,weld
d0b4d003,68f740bf,weld,36,67.0734,57.7491,105,-180,0,-135,30,1,24,150,weld
d0b4d003,68f740bf,weld,37,69.2944,57.9448,105,-180,0,-135,30,1,24,150,weld
d0b4d003,68f740bf,weld,38,71.5155,58.1406,105,-180,0,-135,30,1,24,150,weld
d0b4d003,68f740bf,weld,39,73.7365,58.3364,105,-180,0,-135,30,1,24,150,weld
d0b4d003,68f740bf,weld,40,75.8199,58.337,105,-180,0,-135,30,1,24,150,weld
d0b4d003,68f740bf,weld,41,77.9032,58.3376,105,-180,0,-135,30,1,24,150,weld
d0b4d003,68f740bf,weld,42,79.9865,58.3382,105,-180,0,-135,30,1,24,150,weld
d0b4d003,68f740bf,weld,43,82.0699,58.3388,105,-180,0,-135,30,1,24,150,weld
d0b4d003,68f740bf,weld,44,84.1532,58.3394,105,-180,0,-135,30,1,24,150,weld
d0b4d003,68f740bf,weld,45,86.2365,58.3401,105,-180,0,-135,30,1,24,150,weld
d0b4d003,68f740bf,weld,46,88.3199,58.3407,105,-180,0,-135,30,1,24,150,weld
d0b4d003,68f740bf,weld,47,90.4032,58.3413,105,-180,0,-135,30,1,24,150,weld
d0b4d003,68f740bf,weld,48,92.4865,58.3419,105,-180,0,-135,30,1,24,150,weld
d0b4d003,68f740bf,weld,49,94.5699,58.3425,105,-180,0,-135,30,1,24,150,weld
d0b4d003,68f740bf,weld,50,96.6532,58.3431,105,-180,0,-135,30,1,24,150,weld
d0b4d003,68f740bf,weld,51,98.7365,58.3437,105,-180,0,-135,30,1,24,150,weld
d0b4d003,68f740bf,weld,52,100.82,58.3443,105,-180,0,-135,30,1,24,150,weld
d0b4d003,68f740bf,weld,53,102.903,58.3449,105,-180,0,-135,30,1,24,150,weld
d0b4d003,68f740bf,weld,54,104.987,58.3455,105,-180,0,-135,30,1,24,150,weld
d0b4d003,68f740bf,weld,55,107.07,58.3461,105,-180,0,-135,30,1,24,150,weld
d0b4d003,68f740bf,weld,56,109.153,58.3468,105,-180,0,-135,30,1,24,150,weld
d0b4d003,68f740bf,weld,57,111.237,58.3474,105,-180,0,-135,30,1,24,150,weld
d0b4d003,68f740bf,weld,58,113.32,58.348,105,-180,0,-135,30,1,24,150,weld
d0b4d003,68f740bf,weld,59,115.403,58.3486,105,-180,0,-135,30,1,24,150,weld
d0b4d003,68f740bf,weld,60,116.769,57.3731,105,-180,0,-135,30,1,24,150,weld
d0b4d003,68f740bf,weld,61,118.135,56.3976,105,-180,0,-135,30,1,24,150,weld
d0b4d003,68f740bf,weld,62,117.413,55.4203,105,-180,0,-135,30,1,24,150,weld
d0b4d003,68f740bf,weld,63,116.692,54.443,105,-180,0,-135,30,1,24,150,weld
d0b4d003,68f740bf,weld,64,115.971,53.4657,105,-180,0,-135,30,1,24,150,weld
d0b4d003,68f740bf,weld,65,115.25,52.4884,105,-180,0,-135,30,1,24,150,weld
d0b4d003,68f740bf,weld,66,114.529,51.5111,105,-180,0,-135,30,1,24,150,weld
d0b4d003,68f740bf,weld,67,113.808,50.5339,105,-180,0,-135,30,1,24,150,weld
d0b4d003,68f740bf,weld,68,113.087,49.5566,105,-180,0,-135,30,1,24,150,weld
d0b4d003,68f740bf,weld,69,112.366,48.5793,105,-180,0,-135,30,1,24,150,weld
d0b4d003,68f740bf,weld,70,111.645,47.602,105,-180,0,-135,30,1,24,150,weld
d0b4d003,68f740bf,weld,71,110.924,46.6247,105,-180,0,-135,30,1,24,150,weld
d0b4d003,68f740bf,weld,72,110.203,45.6474,105,-180,0,-135,30,1,24,150,weld
d0b4d003,68f740bf,weld,73,109.482,44.6701,105,-180,0,-135,30,1,24,150,weld
d0b4d003,68f740bf,weld,74,108.761,43.6929,105,-180,0,-135,30,1,24,150,weld
d0b4d003,68f740bf,weld,75,108.04,42.7156,105,-180,0,-135,30,1,24,150,weld
d0b4d003,68f740bf,weld,76,107.319,41.7383,105,-180,0,-135,30,1,24,150,weld
d0b4d003,68f740bf,weld,77,106.598,40.761,105,-180,0,-135,30,1,24,150,weld
d0b4d003,68f740bf,weld,78,105.877,39.7837,105,-180,0,-135,30,1,24,150,weld
d0b4d003,68f740bf,weld,79,105.156,38.8064,105,-180,0,-135,30,1,24,150,weld
d0b4d003,68f740bf,weld,80,104.435,37.8291,105,-180,0,-135,30,1,24,150,weld
d0b4d003,68f740bf,weld,81,103.713,36.8518,105,-180,0,-135,30,1,24,150,weld
d0b4d003,68f740bf,weld,82,102.992,35.8746,105,-180,0,-135,30,1,24,150,weld
d0b4d003,68f740bf,weld,83,102.271,34.8973,105,-180,0,-135,30,1,24,150,weld
d0b4d003,68f740bf,weld,84,101.55,33.92,105,-180,0,-135,30,1,24,150,weld
d0b4d003,68f740bf,weld,85,100.829,32.9427,105,-180,0,-135,30,1,24,150,weld
d0b4d003,68f740bf,weld,86,100.108,31.9654,105,-180,0,-135,30,1,24,150,weld
d0b4d003,68f740bf,weld,87,99.3871,30.9881,105,-180,0,-135,30,1,24,150,weld
d0b4d003,68f740bf,weld,88,98.6661,30.0108,105,-180,0,-135,30,1,24,150,weld
d0b4d003,68f740bf,weld,89,97.945,29.0335,105,-180,0,-135,30,1,24,150,weld
d0b4d003,68f740bf,weld,90,97.224,28.0563,105,-180,0,-135,30,1,24,150,weld
d0b4d003,68f740bf,weld,91,96.5029,27.079,105,-180,0,-135,30,1,24,150,weld
d0b4d003,68f740bf,weld,92,95.7819,26.1017,105,-180,0,-135,30,1,24,150,weld
d0b4d003,68f740bf,weld,93,95.0608,25.1244,105,-180,0,-135,30,1,24,150,weld
a777fd7f,68f740bf,overlap,0,92.6667,22.5,105,-180,0,-135,30,1,24,150,overlap
a777fd7f,68f740bf,overlap,1,91.9557,23.4791,105,-180,0,-135,30,1,24,150,overlap
a777fd7f,68f740bf,overlap,2,91.2448,24.4583,105,-180,0,-135,30,1,24,150,overlap
a777fd7f,68f740bf,overlap,3,90.5339,25.4374,105,-180,0,-135,30,1,24,150,overlap
a777fd7f,68f740bf,overlap,4,89.823,26.4166,105,-180,0,-135,30,1,24,150,overlap
a777fd7f,68f740bf,overlap,5,89.112,27.3957,105,-180,0,-135,30,1,24,150,overlap
2f3e1dc4,68f740bf,lead_out,0,95.0608,25.1244,105,-180,0,-135,30,1,24,150,lead_out
2f3e1dc4,68f740bf,lead_out,1,94.764,24.7221,105,-180,0,-135,30,1,24,150,lead_out
2f3e1dc4,68f740bf,lead_out,2,94.4671,24.3197,105,-180,0,-135,30,1,24,150,lead_out
2f3e1dc4,68f740bf,lead_out,3,94.1703,23.9174,105,-180,0,-135,30,1,24,150,lead_out
2f3e1dc4,68f740bf,lead_out,4,93.8734,23.515,105,-180,0,-135,30,1,24,150,lead_out
2f3e1dc4,68f740bf,lead_out,5,93.5766,23.1127,105,-180,0,-135,30,1,24,150,lead_out
2f3e1dc4,68f740bf,lead_out,6,93.2797,22.7103,105,-180,0,-135,30,1,24,150,lead_out
18e8a698,68f740bf,retreat,0,92.6667,22.5,115,-180,0,-135,80,0,0,0,retreat
18e8a698,68f740bf,retreat,1,92.6667,22.5,115,-180,0,-135,80,0,0,0,retreat
