segment_id,stroke_id,segment_type,point_index,x,y,z,rx,ry,rz,speed_mm_s,arc_enabled,voltage,current,tag
178832ff,5ff3c288,travel,0,82,87.5,115,-180,0,-135,80,0,0,0,travel
178832ff,5ff3c288,travel,1,82,87.5,115,-180,0,-135,80,0,0,0,travel
558e9809,5ff3c288,lead_in,0,82,87.5,105,-180,0,-135,30,1,24,150,lead_in
558e9809,5ff3c288,lead_in,1,82.3029,87.8978,105,-180,0,-135,30,1,24,150,lead_in
558e9809,5ff3c288,lead_in,2,82.6058,88.2956,105,-180,0,-135,30,1,24,150,lead_in
558e9809,5ff3c288,lead_in,3,82.9087,88.6934,105,-180,0,-135,30,1,24,150,lead_in
558e9809,5ff3c288,lead_in,4,83.2116,89.0912,105,-180,0,-135,30,1,24,150,lead_in
558e9809,5ff3c288,lead_in,5,83.5146,89.489,105,-180,0,-135,30,1,24,150,lead_in
558e9809,5ff3c288,lead_in,6,83.8175,89.8868,105,-180,0,-135,30,1,24,150,lead_in
08295586,5ff3c288,weld,0,82,87.5,105,-180,0,-135,30,1,24,150,weld
08295586,5ff3c288,weld,1,81.407,86.7212,105,-180,0,-135,30,1,24,150,weld
08295586,5ff3c288,weld,2,80.8139,85.9424,105,-180,0,-135,30,1,24,150,weld
08295586,5ff3c288,weld,3,80.2209,85.1636,105,-180,0,-135,30,1,24,150,weld
08295586,5ff3c288,weld,4,79.6279,84.3848,105,-180,0,-135,30,1,24,150,weld
08295586,5ff3c288,weld,5,79.0349,83.606,105,-180,0,-135,30,1,24,150,weld
08295586,5ff3c288,weld,6,78.4418,82.8272,105,-180,0,-135,30,1,24,150,weld
08295586,5ff3c288,weld,7,77.8488,82.0484,105,-180,0,-135,30,1,24,150,weld
08295586,5ff3c288,weld,8,77.2558,81.2696,105,-180,0,-135,30,1,24,150,weld
08295586,5ff3c288,weld,9,76.6627,80.4908,105,-180,0,-135,30,1,24,150,weld
08295586,5ff3c288,weld,10,76.0697,79.712,105,-180,0,-135,30,1,24,150,weld
08295586,5ff3c288,weld,11,75.4767,78.9332,105,-180,0,-135,30,1,24,150,weld
08295586,5ff3c288,weld,12,74.8837,78.1544,105,-180,0,-135,30,1,24,150,weld
08295586,5ff3c288,weld,13,74.2906,77.3756,105,-180,0,-135,30,1,24,150,weld
08295586,5ff3c288,weld,14,73.6976,76.5969,105,-180,0,-135,30,1,24,150,weld
08295586,5ff3c288,weld,15,73.1046,75.8181,105,-180,0,-135,30,1,24,150,weld
08295586,5ff3c288,weld,16,72.5115,75.0393,105,-180,0,-135,30,1,24,150,weld
08295586,5ff3c288,weld,17,71.9185,74.2605,105,-180,0,-135,30,1,24,150,weld
08295586,5ff3c288,weld,18,71.3255,73.4817,105,-180,0,-135,30,1,24,150,weld
08295586,5ff3c288,weld,19,70.7325,72.7029,105,-180,0,-135,30,1,24,150,weld
08295586,5ff3c288,weld,20,70.1394,71.9241,105,-180,0,-135,30,1,24,150,weld
08295586,5ff3c288,weld,21,69.5464,71.1453,105,-180,0,-135,30,1,24,150,weld
08295586,5ff3c288,weld,22,68.9534,70.3665,105,-180,0,-135,30,1,24,150,weld
08295586,5ff3c288,weld,23,68.3603,69.5877,105,-180,0,-135,30,1,24,150,weld
08295586,5ff3c288,weld,24,67.7673,68.8089,105,-180,0,-135,30,1,24,150,weld
08295586,5ff3c288,weld,25,67.1743,68.0301,105,-180,0,-135,30,1,24,150,weld
08295586,5ff3c288,weld,26,66.5813,67.2513,105,-180,0,-135,30,1,24,150,weld
08295586,5ff3c288,weld,27,65.9882,66.4725,105,-180,0,-135,30,1,24,150,weld
08295586,5ff3c288,weld,28,65.3952,65.6937,105,-180,0,-135,30,1,24,150,weld
08295586,5ff3c288,weld,29,64.8022,64.9149,105,-180,0,-135,30,1,24,150,weld
08295586,5ff3c288,weld,30,64.2091,64.1361,105,-180,0,-135,30,1,24,150,weld
08295586,5ff3c288,weld,31,63.6161,63.3573,105,-180,0,-135,30,1,24,150,weld
08295586,5ff3c288,weld,32,63.0231,62.5785,105,-180,0,-135,30,1,24,150,weld
08295586,5ff3c288,weld,33,62.4301,61.7997,105,-180,0,-135,30,1,24,150,weld
08295586,5ff3c288,weld,34,61.837,61.0209,105,-180,0,-135,30,1,24,150,weld
08295586,5ff3c288,weld,35,61.244,60.2421,105,-180,0,-135,30,1,24,150,weld
08295586,5ff3c288,weld,36,60.651,59.4633,105,-180,0,-135,30,1,24,150,weld
08295586,5ff3c288,weld,37,60.0579,58.6845,105,-180,0,-135,30,1,24,150,weld
08295586,5ff3c288,weld,38,59.4649,57.9057,105,-180,0,-135,30,1,24,150,weld
08295586,5ff3c288,weld,39,58.8719,57.1269,105,-180,0,-135,30,1,24,150,weld
08295586,5ff3c288,weld,40,58.2789,56.3481,105,-180,0,-135,30,1,24,150,weld
08295586,5ff3c288,weld,41,57.6858,55.5693,105,-180,0,-135,30,1,24,150,weld
08295586,5ff3c288,weld,42,57.0928,54.7906,105,-180,0,-135,30,1,24,150,weld
08295586,5ff3c288,weld,43,56.4998,54.0118,105,-180,0,-135,30,1,24,150,weld
08295586,5ff3c288,weld,44,55.9067,53.233,105,-180,0,-135,30,1,24,150,weld
08295586,5ff3c288,weld,45,55.3137,52.4542,105,-180,0,-135,30,1,24,150,weld
08295586,5ff3c288,weld,46,54.7207,51.6754,105,-180,0,-135,30,1,24,150,weld
08295586,5ff3c288,weld,47,54.1277,50.8966,105,-180,0,-135,30,1,24,150,weld
08295586,5ff3c288,weld,48,53.5346,50.1178,105,-180,0,-135,30,1,24,150,weld
08295586,5ff3c288,weld,49,52.9416,49.339,105,-180,0,-135,30,1,24,150,weld
08295586,5ff3c288,weld,50,52.3486,48.5602,105,-180,0,-135,30,1,24,150,weld
08295586,5ff3c288,weld,51,51.7556,47.7814,105,-180,0,-135,30,1,24,150,weld
08295586,5ff3c288,weld,52,51.1625,47.0026,105,-180,0,-135,30,1,24,150,weld
08295586,5ff3c288,weld,53,50.5695,46.2238,105,-180,0,-135,30,1,24,150,weld
08295586,5ff3c288,weld,54,49.9765,45.445,105,-180,0,-135,30,1,24,150,weld
08295586,5ff3c288,weld,55,49.3834,44.6662,105,-180,0,-135,30,1,24,150,weld
08295586,5ff3c288,weld,56,48.7904,43.8874,105,-180,0,-135,30,1,24,150,weld
08295586,5ff3c288,weld,57,48.1974,43.1086,105,-180,0,-135,30,1,24,150,weld
08295586,5ff3c288,weld,58,47.6044,42.3298,105,-180,0,-135,30,1,24,150,weld
08295586,5ff3c288,weld,59,47.0113,41.551,105,-180,0,-135,30,1,24,150,weld
08295586,5ff3c288,weld,60,46.4183,40.7722,105,-180,0,-135,30,1,24,150,weld
08295586,5ff3c288,weld,61,45.8253,39.9934,105,-180,0,-135,30,1,24,150,weld
08295586,5ff3c288,weld,62,45.2322,39.2146,105,-180,0,-135,30,1,24,150,weld
08295586,5ff3c288,weld,63,44.6392,38.4358,105,-180,0,-135,30,1,24,150,weld
08295586,5ff3c288,weld,64,44.0462,37.657,105,-180,0,-135,30,1,24,150,weld
08295586,5ff3c288,weld,65,43.4532,36.8782,105,-180,0,-135,30,1,24,150,weld
08295586,5ff3c288,weld,66,42.8601,36.0994,105,-180,0,-135,30,1,24,150,weld
08295586,5ff3c288,weld,67,42.2671,35.3206,105,-180,0,-135,30,1,24,150,weld
08295586,5ff3c288,weld,68,41.6741,34.5418,105,-180,0,-135,30,1,24,150,weld
08295586,5ff3c288,weld,69,41.081,33.7631,105,-180,0,-135,30,1,24,150,weld
08295586,5ff3c288,weld,70,40.488,32.9843,105,-180,0,-135,30,1,24,150,weld
08295586,5ff3c288,weld,71,39.895,32.2055,105,-180,0,-135,30,1,24,150,weld
08295586,5ff3c288,weld,72,39.302,31.4267,105,-180,0,-135,30,1,24,150,weld
08295586,5ff3c288,weld,73,38.7089,30.6479,105,-180,0,-135,30,1,24,150,weld
08295586,5ff3c288,weld,74,38.1159,29.8691,105,-180,0,-135,30,1,24,150,weld
08295586,5ff3c288,weld,75,37.5229,29.0903,105,-180,0,-135,30,1,24,150,weld
08295586,5ff3c288,weld,76,36.9298,28.3115,105,-180,0,-135,30,1,24,150,weld
08295586,5ff3c288,weld,77,36.3368,27.5327,105,-180,0,-135,30,1,24,150,weld
08295586,5ff3c288,weld,78,35.7438,26.7539,105,-180,0,-135,30,1,24,150,weld
08295586,5ff3c288,weld,79,35.1508,25.9751,105,-180,0,-135,30,1,24,150,weld
08295586,5ff3c288,weld,80,34.5577,25.1963,105,-180,0,-135,30,1,24,150,weld
08295586,5ff3c288,weld,81,33.9647,24.4175,105,-180,0,-135,30,1,24,150,weld
08295586,5ff3c288,weld,82,33.3717,23.6387,105,-180,0,-135,30,1,24,150,weld
08295586,5ff3c288,weld,83,32.7786,22.8599,105,-180,0,-135,30,1,24,150,weld
08295586,5ff3c288,weld,84,32.1856,22.0811,105,-180,0,-135,30,1,24,150,weld
08295586,5ff3c288,weld,85,31.5926,21.3023,105,-180,0,-135,30,1,24,150,weld
08295586,5ff3c288,weld,86,30.9996,20.5235,105,-180,0,-135,30,1,24,150,weld
08295586,5ff3c288,weld,87,30.4065,19.7447,105,-180,0,-135,30,1,24,150,weld
08295586,5ff3c288,weld,88,29.8135,18.9659,105,-180,0,-135,30,1,24,150,weld
08295586,5ff3c288,weld,89,29.2205,18.1871,105,-180,0,-135,30,1,24,150,weld
08295586,5ff3c288,weld,90,28.6274,17.4083,105,-180,0,-135,30,1,24,150,weld
08295586,5ff3c288,weld,91,28.0344,16.6295,105,-180,0,-135,30,1,24,150,weld
08295586,5ff3c288,weld,92,27.4414,15.8507,105,-180,0,-135,30,1,24,150,weld
08295586,5ff3c288,weld,93,26.8484,15.0719,105,-180,0,-135,30,1,24,150,weld
08295586,5ff3c288,weld,94,27.8226,14.8427,105,-180,0,-135,30,1,24,150,weld
08295586,5ff3c288,weld,95,29.489,14.8561,105,-180,0,-135,30,1,24,150,weld
08295586,5ff3c288,weld,96,31.1555,14.8695,105,-180,0,-135,30,1,24,150,weld
08295586,5ff3c288,weld,97,32.8219,14.883,105,-180,0,-135,30,1,24,150,weld
08295586,5ff3c288,weld,98,34.4884,14.8964,105,-180,0,-135,30,1,24,150,weld
08295586,5ff3c288,weld,99,36.1548,14.9099,105,-180,0,-135,30,1,24,150,weld
08295586,5ff3c288,weld,100,37.8213,14.9233,105,-180,0,-135,30,1,24,150,weld
08295586,5ff3c288,weld,101,39.4877,14.9367,105,-180,0,-135,30,1,24,150,weld
08295586,5ff3c288,weld,102,41.1542,14.9502,105,-180,0,-135,30,1,24,150,weld
08295586,5ff3c288,weld,103,42.8206,14.9636,105,-180,0,-135,30,1,24,150,weld
08295586,5ff3c288,weld,104,44.4871,14.977,105,-180,0,-135,30,1,24,150,weld
08295586,5ff3c288,weld,105,46.1535,14.9905,105,-180,0,-135,30,1,24,150,weld
08295586,5ff3c288,weld,106,47.4983,15.2289,105,-180,0,-135,30,1,24,150,weld
08295586,5ff3c288,weld,107,48.0634,16.0129,105,-180,0,-135,30,1,24,150,weld
08295586,5ff3c288,weld,108,48.6284,16.7969,105,-180,0,-135,30,1,24,150,weld
08295586,5ff3c288,weld,109,49.1934,17.5809,105,-180,0,-135,30,1,24,150,weld
08295586,5ff3c288,weld,110,49.7585,18.3649,105,-180,0,-135,30,1,24,150,weld
08295586,5ff3c288,weld,111,50.3235,19.1488,105,-180,0,-135,30,1,24,150,weld
08295586,5ff3c288,weld,112,50.8885,19.9328,105,-180,0,-135,30,1,24,150,weld
08295586,5ff3c288,weld,113,51.4536,20.7168,105,-180,0,-135,30,1,24,150,weld
08295586,5ff3c288,weld,114,52.0186,21.5008,105,-180,0,-135,30,1,24,150,weld
08295586,5ff3c288,weld,115,52.5836,22.2848,105,-180,0,-135,30,1,24,150,weld
08295586,5ff3c288,weld,116,53.1487,23.0688,105,-180,0,-135,30,1,24,150,weld
08295586,5ff3c288,weld,117,53.7137,23.8527,105,-180,0,-135,30,1,24,150,weld
08295586,5ff3c288,weld,118,54.2787,24.6367,105,-180,0,-135,30,1,24,150,weld
08295586,5ff3c288,weld,119,54.8438,25.4207,105,-180,0,-135,30,1,24,150,weld
08295586,5ff3c288,weld,120,55.4088,26.2047,105,-180,0,-135,30,1,24,150,weld
08295586,5ff3c288,weld,121,55.9738,26.9887,105,-180,0,-135,30,1,24,150,weld
08295586,5ff3c288,weld,122,56.5389,27.7727,105,-180,0,-135,30,1,24,150,weld
08295586,5ff3c288,weld,123,57.1039,28.5566,105,-180,0,-135,30,1,24,150,weld
08295586,5ff3c288,weld,124,57.6689,29.3406,105,-180,0,-135,30,1,24,150,weld
08295586,5ff3c288,weld,125,58.2339,30.1246,105,-180,0,-135,30,1,24,150,weld
08295586,5ff3c288,weld,126,58.799,30.9086,105,-180,0,-135,30,1,24,150,weld
08295586,5ff3c288,weld,127,59.364,31.6926,105,-180,0,-135,30,1,24,150,weld
08295586,5ff3c288,weld,128,59.929,32.4766,105,-180,0,-135,30,1,24,150,weld
08295586,5ff3c288,weld,129,60.4941,33.2605,105,-180,0,-135,30,1,24,150,weld
08295586,5ff3c288,weld,130,61.8243,33.5,105,-180,0,-135,30,1,24,150,weld
08295586,5ff3c288,weld,131,63.4909,33.5,105,-180,0,-135,30,1,24,150,weld
08295586,5ff3c288,weld,132,65.1576,33.5,105,-180,0,-135,30,1,24,150,weld
08295586,5ff3c288,weld,133,66.8243,33.5,105,-180,0,-135,30,1,24,150,weld
08295586,5ff3c288,weld,134,68.4909,33.5,105,-180,0,-135,30,1,24,150,weld
08295586,5ff3c288,weld,135,70.1576,33.5,105,-180,0,-135,30,1,24,150,weld
08295586,5ff3c288,weld,136,71.8243,33.5,105,-180,0,-135,30,1,24,150,weld
08295586,5ff3c288,weld,137,73.4909,33.5,105,-180,0,-135,30,1,24,150,weld
08295586,5ff3c288,weld,138,75.1576,33.5,105,-180,0,-135,30,1,24,150,weld
08295586,5ff3c288,weld,139,76.8243,33.5,105,-180,0,-135,30,1,24,150,weld
08295586,5ff3c288,weld,140,78.4909,33.5,105,-180,0,-135,30,1,24,150,weld
08295586,5ff3c288,weld,141,80.1576,33.5,105,-180,0,-135,30,1,24,150,weld
08295586,5ff3c288,weld,142,81.8243,33.5,105,-180,0,-135,30,1,24,150,weld
08295586,5ff3c288,weld,143,83.4909,33.5,105,-180,0,-135,30,1,24,150,weld
08295586,5ff3c288,weld,144,85.1576,33.5,105,-180,0,-135,30,1,24,150,weld
08295586,5ff3c288,weld,145,86.8243,33.5,105,-180,0,-135,30,1,24,150,weld
08295586,5ff3c288,weld,146,88.4909,33.5,105,-180,0,-135,30,1,24,150,weld
08295586,5ff3c288,weld,147,90.1576,33.5,105,-180,0,-135,30,1,24,150,weld
08295586,5ff3c288,weld,148,91.8243,33.5,105,-180,0,-135,30,1,24,150,weld
08295586,5ff3c288,weld,149,93.4909,33.5,105,-180,0,-135,30,1,24,150,weld
08295586,5ff3c288,weld,150,95.1576,33.5,105,-180,0,-135,30,1,24,150,weld
08295586,5ff3c288,weld,151,96.8243,33.5,105,-180,0,-135,30,1,24,150,weld
08295586,5ff3c288,weld,152,98.4909,33.5,105,-180,0,-135,30,1,24,150,weld
08295586,5ff3c288,weld,153,100.158,33.5,105,-180,0,-135,30,1,24,150,weld
08295586,5ff3c288,weld,154,101.824,33.5,105,-180,0,-135,30,1,24,150,weld
08295586,5ff3c288,weld,155,103.491,33.5,105,-180,0,-135,30,1,24,150,weld
08295586,5ff3c288,weld,156,105.158,33.5,105,-180,0,-135,30,1,24,150,weld
08295586,5ff3c288,weld,157,106.824,33.5,105,-180,0,-135,30,1,24,150,weld
08295586,5ff3c288,weld,158,108.491,33.5,105,-180,0,-135,30,1,24,150,weld
08295586,5ff3c288,weld,159,110.158,33.5,105,-180,0,-135,30,1,24,150,weld
08295586,5ff3c288,weld,160,111.824,33.5,105,-180,0,-135,30,1,24,150,weld
08295586,5ff3c288,weld,161,113.491,33.5,105,-180,0,-135,30,1,24,150,weld
08295586,5ff3c288,weld,162,115.158,33.5,105,-180,0,-135,30,1,24,150,weld
08295586,5ff3c288,weld,163,116.824,33.5,105,-180,0,-135,30,1,24,150,weld
08295586,5ff3c288,weld,164,118.491,33.5,105,-180,0,-135,30,1,24,150,weld
08295586,5ff3c288,weld,165,120.158,33.5,105,-180,0,-135,30,1,24,150,weld
08295586,5ff3c288,weld,166,121.824,33.5,105,-180,0,-135,30,1,24,150,weld
08295586,5ff3c288,weld,167,123.491,33.5,105,-180,0,-135,30,1,24,150,weld
08295586,5ff3c288,weld,168,125.158,33.5,105,-180,0,-135,30,1,24,150,weld
08295586,5ff3c288,weld,169,126.279,33.1123,105,-180,0,-135,30,1,24,150,weld
08295586,5ff3c288,weld,170,126.844,32.3283,105,-180,0,-135,30,1,24,150,weld
08295586,5ff3c288,weld,171,127.41,31.5443,105,-180,0,-135,30,1,24,150,weld
08295586,5ff3c288,weld,172,127.975,30.7603,105,-180,0,-135,30,1,24,150,weld
08295586,5ff3c288,weld,173,128.54,29.9763,105,-180,0,-135,30,1,24,150,weld
08295586,5ff3c288,weld,174,129.105,29.1924,105,-180,0,-135,30,1,24,150,weld
08295586,5ff3c288,weld,175,129.67,28.4084,105,-180,0,-135,30,1,24,150,weld
08295586,5ff3c288,weld,176,130.235,27.6244,105,-180,0,-135,30,1,24,150,weld
08295586,5ff3c288,weld,177,130.8,26.8404,105,-180,0,-135,30,1,24,150,weld
08295586,5ff3c288,weld,178,131.365,26.0564,105,-180,0,-135,30,1,24,150,weld
08295586,5ff3c288,weld,179,131.93,25.2725,105,-180,0,-135,30,1,24,150,weld
08295586,5ff3c288,weld,180,132.495,24.4885,105,-180,0,-135,30,1,24,150,weld
08295586,5ff3c288,weld,181,133.06,23.7045,105,-180,0,-135,30,1,24,150,weld
08295586,5ff3c288,weld,182,133.625,22.9205,105,-180,0,-135,30,1,24,150,weld
08295586,5ff3c288,weld,183,134.19,22.1365,105,-180,0,-135,30,1,24,150,weld
08295586,5ff3c288,weld,184,134.755,21.3525,105,-180,0,-135,30,1,24,150,weld
08295586,5ff3c288,weld,185,135.32,20.5686,105,-180,0,-135,30,1,24,150,weld
08295586,5ff3c288,weld,186,135.885,19.7846,105,-180,0,-135,30,1,24,150,weld
08295586,5ff3c288,weld,187,136.45,19.0006,105,-180,0,-135,30,1,24,150,weld
08295586,5ff3c288,weld,188,137.015,18.2166,105,-180,0,-135,30,1,24,150,weld
08295586,5ff3c288,weld,189,137.58,17.4326,105,-180,0,-135,30,1,24,150,weld
08295586,5ff3c288,weld,190,138.145,16.6486,105,-180,0,-135,30,1,24,150,weld
08295586,5ff3c288,weld,191,138.71,15.8647,105,-180,0,-135,30,1,24,150,weld
08295586,5ff3c288,weld,192,139.275,15.0807,105,-180,0,-135,30,1,24,150,weld
08295586,5ff3c288,weld,193,140.828,14.9877,105,-180,0,-135,30,1,24,150,weld
08295586,5ff3c288,weld,194,142.495,14.9741,105,-180,0,-135,30,1,24,150,weld
08295586,5ff3c288,weld,195,144.161,14.9604,105,-180,0,-135,30,1,24,150,weld
08295586,5ff3c288,weld,196,145.828,14.9468,105,-180,0,-135,30,1,24,150,weld
08295586,5ff3c288,weld,197,147.494,14.9331,105,-180,0,-135,30,1,24,150,weld
08295586,5ff3c288,weld,198,149.161,14.9194,105,-180,0,-135,30,1,24,150,weld
08295586,5ff3c288,weld,199,150.827,14.9058,105,-180,0,-135,30,1,24,150,weld
08295586,5ff3c288,weld,200,152.493,14.8921,105,-180,0,-135,30,1,24,150,weld
08295586,5ff3c288,weld,201,154.16,14.8785,105,-180,0,-135,30,1,24,150,weld
08295586,5ff3c288,weld,202,155.826,14.8648,105,-180,0,-135,30,1,24,150,weld
08295586,5ff3c288,weld,203,157.493,14.8512,105,-180,0,-135,30,1,24,150,weld
08295586,5ff3c288,weld,204,159.159,14.8375,105,-180,0,-135,30,1,24,150,weld
08295586,5ff3c288,weld,205,159.254,15.375,105,-180,0,-135,30,1,24,150,weld
08295586,5ff3c288,weld,206,158.661,16.1537,105,-180,0,-135,30,1,24,150,weld
08295586,5ff3c288,weld,207,158.068,16.9325,105,-180,0,-135,30,1,24,150,weld
08295586,5ff3c288,weld,208,157.475,17.7113,105,-180,0,-135,30,1,24,150,weld
08295586,5ff3c288,weld,209,156.882,18.4901,105,-180,0,-135,30,1,24,150,weld
08295586,5ff3c288,weld,210,156.289,19.2689,105,-180,0,-135,30,1,24,150,weld
08295586,5ff3c288,weld,211,155.696,20.0477,105,-180,0,-135,30,1,24,150,weld
08295586,5ff3c288,weld,212,155.103,20.8265,105,-180,0,-135,30,1,24,150,weld
08295586,5ff3c288,weld,213,154.51,21.6053,105,-180,0,-135,30,1,24,150,weld
08295586,5ff3c288,weld,214,153.917,22.3841,105,-180,0,-135,30,1,24,150,weld
08295586,5ff3c288,weld,215,153.324,23.1629,105,-180,0,-135,30,1,24,150,weld
08295586,5ff3c288,weld,216,152.731,23.9417,105,-180,0,-135,30,1,24,150,weld
08295586,5ff3c288,weld,217,152.138,24.7205,105,-180,0,-135,30,1,24,150,weld
08295586,5ff3c288,weld,218,151.545,25.4993,105,-180,0,-135,30,1,24,150,weld
08295586,5ff3c288,weld,219,150.952,26.2781,105,-180,0,-135,30,1,24,150,weld
08295586,5ff3c288,weld,220,150.359,27.0569,105,-180,0,-135,30,1,24,150,weld
08295586,5ff3c288,weld,221,149.766,27.8357,105,-180,0,-135,30,1,24,150,weld
08295586,5ff3c288,weld,222,149.173,28.6145,105,-180,0,-135,30,1,24,150,weld
08295586,5ff3c288,weld,223,148.58,29.3933,105,-180,0,-135,30,1,24,150,weld
08295586,5ff3c288,weld,224,147.987,30.1721,105,-180,0,-135,30,1,24,150,weld
08295586,5ff3c288,weld,225,147.394,30.9509,105,-180,0,-135,30,1,24,150,weld
08295586,5ff3c288,weld,226,146.801,31.7297,105,-180,0,-135,30,1,24,150,weld
08295586,5ff3c288,weld,227,146.208,32.5085,105,-180,0,-135,30,1,24,150,weld
08295586,5ff3c288,weld,228,145.615,33.2873,105,-180,0,-135,30,1,24,150,weld
08295586,5ff3c288,weld,229,145.022,34.0661,105,-180,0,-135,30,1,24,150,weld
08295586,5ff3c288,weld,230,144.429,34.8449,105,-180,0,-135,30,1,24,150,weld
08295586,5ff3c288,weld,231,143.836,35.6237,105,-180,0,-135,30,1,24,150,weld
08295586,5ff3c288,weld,232,143.242,36.4025,105,-180,0,-135,30,1,24,150,weld
08295586,5ff3c288,weld,233,142.649,37.1812,105,-180,0,-135,30,1,24,150,weld
08295586,5ff3c288,weld,234,142.056,37.96,105,-180,0,-135,30,1,24,150,weld
08295586,5ff3c288,weld,235,141.463,38.7388,105,-180,0,-135,30,1,24,150,weld
08295586,5ff3c288,weld,236,140.87,39.5176,105,-180,0,-135,30,1,24,150,weld
08295586,5ff3c288,weld,237,140.277,40.2964,105,-180,0,-135,30,1,24,150,weld
08295586,5ff3c288,weld,238,139.684,41.0752,105,-180,0,-135,30,1,24,150,weld
08295586,5ff3c288,weld,239,139.091,41.854,105,-180,0,-135,30,1,24,150,weld
08295586,5ff3c288,weld,240,138.498,42.6328,105,-180,0,-135,30,1,24,150,weld
08295586,5ff3c288,weld,241,137.905,43.4116,105,-180,0,-135,30,1,24,150,weld
08295586,5ff3c288,weld,242,137.312,44.1904,105,-180,0,-135,30,1,24,150,weld
08295586,5ff3c288,weld,243,136.719,44.9692,105,-180,0,-135,30,1,24,150,weld
08295586,5ff3c288,weld,244,136.126,45.748,105,-180,0,-135,30,1,24,150,weld
08295586,5ff3c288,weld,245,135.533,46.5268,105,-180,0,-135,30,1,24,150,weld
08295586,5ff3c288,weld,246,134.94,47.3056,105,-180,0,-135,30,1,24,150,weld
08295586,5ff3c288,weld,247,134.347,48.0844,105,-180,0,-135,30,1,24,150,weld
08295586,5ff3c288,weld,248,133.754,48.8632,105,-180,0,-135,30,1,24,150,weld
08295586,5ff3c288,weld,249,133.161,49.642,105,-180,0,-135,30,1,24,150,weld
08295586,5ff3c288,weld,250,132.568,50.4208,105,-180,0,-135,30,1,24,150,weld
08295586,5ff3c288,weld,251,131.975,51.1996,105,-180,0,-135,30,1,24,150,weld
08295586,5ff3c288,weld,252,131.382,51.9784,105,-180,0,-135,30,1,24,150,weld
08295586,5ff3c288,weld,253,130.789,52.7572,105,-180,0,-135,30,1,24,150,weld
08295586,5ff3c288,weld,254,130.196,53.536,105,-180,0,-135,30,1,24,150,weld
08295586,5ff3c288,weld,255,129.603,54.3148,105,-180,0,-135,30,1,24,150,weld
08295586,5ff3c288,weld,256,129.01,55.0936,105,-180,0,-135,30,1,24,150,weld
08295586,5ff3c288,weld,257,128.417,55.8724,105,-180,0,-135,30,1,24,150,weld
08295586,5ff3c288,weld,258,127.824,56.6512,105,-180,0,-135,30,1,24,150,weld
08295586,5ff3c288,weld,259,127.231,57.43,105,-180,0,-135,30,1,24,150,weld
08295586,5ff3c288,weld,260,126.638,58.2088,105,-180,0,-135,30,1,24,150,weld
08295586,5ff3c288,weld,261,126.045,58.9875,105,-180,0,-135,30,1,24,150,weld
08295586,5ff3c288,weld,262,125.452,59.7663,105,-180,0,-135,30,1,24,150,weld
08295586,5ff3c288,weld,263,124.859,60.5451,105,-180,0,-135,30,1,24,150,weld
08295586,5ff3c288,weld,264,124.266,61.3239,105,-180,0,-135,30,1,24,150,weld
08295586,5ff3c288,weld,265,123.673,62.1027,105,-180,0,-135,30,1,24,150,weld
08295586,5ff3c288,weld,266,123.08,62.8815,105,-180,0,-135,30,1,24,150,weld
08295586,5ff3c288,weld,267,122.486,63.6603,105,-180,0,-135,30,1,24,150,weld
08295586,5ff3c288,weld,268,121.893,64.4391,105,-180,0,-135,30,1,24,150,weld
08295586,5ff3c288,weld,269,121.3,65.2179,105,-180,0,-135,30,1,24,150,weld
08295586,5ff3c288,weld,270,120.707,65.9967,105,-180,0,-135,30,1,24,150,weld
08295586,5ff3c288,weld,271,120.114,66.7755,105,-180,0,-135,30,1,24,150,weld
08295586,5ff3c288,weld,272,119.521,67.5543,105,-180,0,-135,30,1,24,150,weld
08295586,5ff3c288,weld,273,118.928,68.3331,105,-180,0,-135,30,1,24,150,weld
08295586,5ff3c288,weld,274,118.335,69.1119,105,-180,0,-135,30,1,24,150,weld
08295586,5ff3c288,weld,275,117.742,69.8907,105,-180,0,-135,30,1,24,150,weld
08295586,5ff3c288,weld,276,117.149,70.6695,105,-180,0,-135,30,1,24,150,weld
08295586,5ff3c288,weld,277,116.556,71.4483,105,-180,0,-135,30,1,24,150,weld
08295586,5ff3c288,weld,278,115.963,72.2271,105,-180,0,-135,30,1,24,150,weld
08295586,5ff3c288,weld,279,115.37,73.0059,105,-180,0,-135,30,1,24,150,weld
08295586,5ff3c288,weld,280,114.777,73.7847,105,-180,0,-135,30,1,24,150,weld
08295586,5ff3c288,weld,281,114.184,74.5635,105,-180,0,-135,30,1,24,150,weld
08295586,5ff3c288,weld,282,113.591,75.3423,105,-180,0,-135,30,1,24,150,weld
08295586,5ff3c288,weld,283,112.998,76.1211,105,-180,0,-135,30,1,24,150,weld
08295586,5ff3c288,weld,284,112.405,76.8999,105,-180,0,-135,30,1,24,150,weld
08295586,5ff3c288,weld,285,111.812,77.6787,105,-180,0,-135,30,1,24,150,weld
08295586,5ff3c288,weld,286,111.219,78.4575,105,-180,0,-135,30,1,24,150,weld
08295586,5ff3c288,weld,287,110.626,79.2363,105,-180,0,-135,30,1,24,150,weld
08295586,5ff3c288,weld,288,110.033,80.015,105,-180,0,-135,30,1,24,150,weld
08295586,5ff3c288,weld,289,109.44,80.7938,105,-180,0,-135,30,1,24,150,weld
08295586,5ff3c288,weld,290,108.847,81.5726,105,-180,0,-135,30,1,24,150,weld
08295586,5ff3c288,weld,291,108.254,82.3514,105,-180,0,-135,30,1,24,150,weld
08295586,5ff3c288,weld,292,107.661,83.1302,105,-180,0,-135,30,1,24,150,weld
08295586,5ff3c288,weld,293,107.068,83.909,105,-180,0,-135,30,1,24,150,weld
08295586,5ff3c288,weld,294,106.475,84.6878,105,-180,0,-135,30,1,24,150,weld
08295586,5ff3c288,weld,295,105.882,85.4666,105,-180,0,-135,30,1,24,150,weld
08295586,5ff3c288,weld,296,105.289,86.2454,105,-180,0,-135,30,1,24,150,weld
08295586,5ff3c288,weld,297,104.696,87.0242,105,-180,0,-135,30,1,24,150,weld
08295586,5ff3c288,weld,298,103.685,87.5,105,-180,0,-135,30,1,24,150,weld
08295586,5ff3c288,weld,299,102.018,87.5,105,-180,0,-135,30,1,24,150,weld
08295586,5ff3c288,weld,300,100.352,87.5,105,-180,0,-135,30,1,24,150,weld
08295586,5ff3c288,weld,301,98.6849,87.5,105,-180,0,-135,30,1,24,150,weld
08295586,5ff3c288,weld,302,97.0182,87.5,105,-180,0,-135,30,1,24,150,weld
08295586,5ff3c288,weld,303,95.3515,87.5,105,-180,0,-135,30,1,24,150,weld
08295586,5ff3c288,weld,304,93.6849,87.5,105,-180,0,-135,30,1,24,150,weld
08295586,5ff3c288,weld,305,92.0182,87.5,105,-180,0,-135,30,1,24,150,weld
08295586,5ff3c288,weld,306,90.3515,87.5,105,-180,0,-135,30,1,24,150,weld
08295586,5ff3c288,weld,307,88.6849,87.5,105,-180,0,-135,30,1,24,150,weld
08295586,5ff3c288,weld,308,87.0182,87.5,105,-180,0,-135,30,1,24,150,weld
08295586,5ff3c288,weld,309,85.3515,87.5,105,-180,0,-135,30,1,24,150,weld
08295586,5ff3c288,weld,310,83.6849,87.5,105,-180,0,-135,30,1,24,150,weld
08295586,5ff3c288,weld,311,82.0182,87.5,105,-180,0,-135,30,1,24,150,weld
7b5d9b70,5ff3c288,overlap,0,82,87.5,105,-180,0,-135,30,1,24,150,overlap
7b5d9b70,5ff3c288,overlap,1,81.407,86.7212,105,-180,0,-135,30,1,24,150,overlap
7b5d9b70,5ff3c288,overlap,2,80.8139,85.9424,105,-180,0,-135,30,1,24,150,overlap
7b5d9b70,5ff3c288,overlap,3,80.2209,85.1636,105,-180,0,-135,30,1,24,150,overlap
7b5d9b70,5ff3c288,overlap,4,79.6279,84.3848,105,-180,0,-135,30,1,24,150,overlap
7b5d9b70,5ff3c288,overlap,5,79.0349,83.606,105,-180,0,-135,30,1,24,150,overlap
7b5d9b70,5ff3c288,overlap,6,78.4418,82.8272,105,-180,0,-135,30,1,24,150,overlap
dad6f51f,5ff3c288,lead_out,0,82.0182,87.5,105,-180,0,-135,30,1,24,150,lead_out
dad6f51f,5ff3c288,lead_out,1,81.5182,87.5,105,-180,0,-135,30,1,24,150,lead_out
dad6f51f,5ff3c288,lead_out,2,81.0182,87.5,105,-180,0,-135,30,1,24,150,lead_out
dad6f51f,5ff3c288,lead_out,3,80.5182,87.5,105,-180,0,-135,30,1,24,150,lead_out
dad6f51f,5ff3c288,lead_out,4,80.0182,87.5,105,-180,0,-135,30,1,24,150,lead_out
dad6f51f,5ff3c288,lead_out,5,79.5182,87.5,105,-180,0,-135,30,1,24,150,lead_out
dad6f51f,5ff3c288,lead_out,6,79.0182,87.5,105,-180,0,-135,30,1,24,150,lead_out
ee3929ff,5ff3c288,retreat,0,82,87.5,115,-180,0,-135,80,0,0,0,retreat
ee3929ff,5ff3c288,retreat,1,82,87.5,115,-180,0,-135,80,0,0,0,retreat
736d096e,3c1ea575,travel,0,92.6667,77.5,115,-180,0,-135,80,0,0,0,travel
736d096e,3c1ea575,travel,1,92.6667,77.5,115,-180,0,-135,80,0,0,0,travel
ef022e4f,3c1ea575,lead_in,0,92.6667,77.5,105,-180,0,-135,30,1,24,150,lead_in
ef022e4f,3c1ea575,lead_in,1,92.9604,77.9046,105,-180,0,-135,30,1,24,150,lead_in
ef022e4f,3c1ea575,lead_in,2,93.2542,78.3092,105,-180,0,-135,30,1,24,150,lead_in
ef022e4f,3c1ea575,lead_in,3,93.548,78.7138,105,-180,0,-135,30,1,24,150,lead_in
ef022e4f,3c1ea575,lead_in,4,93.8417,79.1184,105,-180,0,-135,30,1,24,150,lead_in
ef022e4f,3c1ea575,lead_in,5,94.1355,79.523,105,-180,0,-135,30,1,24,150,lead_in
ef022e4f,3c1ea575,lead_in,6,94.4293,79.9276,105,-180,0,-135,30,1,24,150,lead_in
ecb40bc3,3c1ea575,weld,0,92.6667,77.5,105,-180,0,-135,30,1,24,150,weld
ecb40bc3,3c1ea575,weld,1,91.9557,76.5209,105,-180,0,-135,30,1,24,150,weld
ecb40bc3,3c1ea575,weld,2,91.2448,75.5417,105,-180,0,-135,30,1,24,150,weld
ecb40bc3,3c1ea575,weld,3,90.5339,74.5626,105,-180,0,-135,30,1,24,150,weld
ecb40bc3,3c1ea575,weld,4,89.823,73.5834,105,-180,0,-135,30,1,24,150,weld
ecb40bc3,3c1ea575,weld,5,89.112,72.6043,105,-180,0,-135,30,1,24,150,weld
ecb40bc3,3c1ea575,weld,6,88.4011,71.6252,105,-180,0,-135,30,1,24,150,weld
ecb40bc3,3c1ea575,weld,7,87.6902,70.646,105,-180,0,-135,30,1,24,150,weld
ecb40bc3,3c1ea575,weld,8,86.9793,69.6669,105,-180,0,-135,30,1,24,150,weld
ecb40bc3,3c1ea575,weld,9,86.2684,68.6877,105,-180,0,-135,30,1,24,150,weld
ecb40bc3,3c1ea575,weld,10,85.5574,67.7086,105,-180,0,-135,30,1,24,150,weld
ecb40bc3,3c1ea575,weld,11,84.8465,66.7295,105,-180,0,-135,30,1,24,150,weld
ecb40bc3,3c1ea575,weld,12,84.1356,65.7503,105,-180,0,-135,30,1,24,150,weld
ecb40bc3,3c1ea575,weld,13,83.4247,64.7712,105,-180,0,-135,30,1,24,150,weld
ecb40bc3,3c1ea575,weld,14,82.7137,63.792,105,-180,0,-135,30,1,24,150,weld
ecb40bc3,3c1ea575,weld,15,82.0028,62.8129,105,-180,0,-135,30,1,24,150,weld
ecb40bc3,3c1ea575,weld,16,81.2919,61.8338,105,-180,0,-135,30,1,24,150,weld
ecb40bc3,3c1ea575,weld,17,80.581,60.8546,105,-180,0,-135,30,1,24,150,weld
ecb40bc3,3c1ea575,weld,18,79.87,59.8755,105,-180,0,-135,30,1,24,150,weld
ecb40bc3,3c1ea575,weld,19,79.1591,58.8963,105,-180,0,-135,30,1,24,150,weld
ecb40bc3,3c1ea575,weld,20,78.4482,57.9172,105,-180,0,-135,30,1,24,150,weld
ecb40bc3,3c1ea575,weld,21,77.7373,56.938,105,-180,0,-135,30,1,24,150,weld
ecb40bc3,3c1ea575,weld,22,77.0263,55.9589,105,-180,0,-135,30,1,24,150,weld
ecb40bc3,3c1ea575,weld,23,76.3154,54.9798,105,-180,0,-135,30,1,24,150,weld
ecb40bc3,3c1ea575,weld,24,75.6045,54.0006,105,-180,0,-135,30,1,24,150,weld
ecb40bc3,3c1ea575,weld,25,74.8936,53.0215,105,-180,0,-135,30,1,24,150,weld
ecb40bc3,3c1ea575,weld,26,74.1826,52.0423,105,-180,0,-135,30,1,24,150,weld
ecb40bc3,3c1ea575,weld,27,73.4717,51.0632,105,-180,0,-135,30,1,24,150,weld
ecb40bc3,3c1ea575,weld,28,72.7608,50.0841,105,-180,0,-135,30,1,24,150,weld
ecb40bc3,3c1ea575,weld,29,72.0499,49.1049,105,-180,0,-135,30,1,24,150,weld
ecb40bc3,3c1ea575,weld,30,71.3389,48.1258,105,-180,0,-135,30,1,24,150,weld
ecb40bc3,3c1ea575,weld,31,70.628,47.1466,105,-180,0,-135,30,1,24,150,weld
ecb40bc3,3c1ea575,weld,32,69.9171,46.1675,105,-180,0,-135,30,1,24,150,weld
ecb40bc3,3c1ea575,weld,33,69.2062,45.1884,105,-180,0,-135,30,1,24,150,weld
ecb40bc3,3c1ea575,weld,34,68.4953,44.2092,105,-180,0,-135,30,1,24,150,weld
ecb40bc3,3c1ea575,weld,35,67.7843,43.2301,105,-180,0,-135,30,1,24,150,weld
ecb40bc3,3c1ea575,weld,36,67.0734,42.2509,105,-180,0,-135,30,1,24,150,weld
ecb40bc3,3c1ea575,weld,37,69.2944,42.0552,105,-180,0,-135,30,1,24,150,weld
ecb40bc3,3c1ea575,weld,38,71.5155,41.8594,105,-180,0,-135,30,1,24,150,weld
ecb40bc3,3c1ea575,weld,39,73.7365,41.6636,105,-180,0,-135,30,1,24,150,weld
ecb40bc3,3c1ea575,weld,40,75.8199,41.663,105,-180,0,-135,30,1,24,150,weld
ecb40bc3,3c1ea575,weld,41,77.9032,41.6624,105,-180,0,-135,30,1,24,150,weld
ecb40bc3,3c1ea575,weld,42,79.9865,41.6618,105,-180,0,-135,30,1,24,150,weld
ecb40bc3,3c1ea575,weld,43,82.0699,41.6612,105,-180,0,-135,30,1,24,150,weld
ecb40bc3,3c1ea575,weld,44,84.1532,41.6606,105,-180,0,-135,30,1,24,150,weld
ecb40bc3,3c1ea575,weld,45,86.2365,41.6599,105,-180,0,-135,30,1,24,150,weld
ecb40bc3,3c1ea575,weld,46,88.3199,41.6593,105,-180,0,-135,30,1,24,150,weld
ecb40bc3,3c1ea575,weld,47,90.4032,41.6587,105,-180,0,-135,30,1,24,150,weld
ecb40bc3,3c1ea575,weld,48,92.4865,41.6581,105,-180,0,-135,30,1,24,150,weld
ecb40bc3,3c1ea575,weld,49,94.5699,41.6575,105,-180,0,-135,30,1,24,150,weld
ecb40bc3,3c1ea575,weld,50,96.6532,41.6569,105,-180,0,-135,30,1,24,150,weld
ecb40bc3,3c1ea575,weld,51,98.7365,41.6563,105,-180,0,-135,30,1,24,150,weld
ecb40bc3,3c1ea575,weld,52,100.82,41.6557,105,-180,0,-135,30,1,24,150,weld
ecb40bc3,3c1ea575,weld,53,102.903,41.6551,105,-180,0,-135,30,1,24,150,weld
ecb40bc3,3c1ea575,weld,54,104.987,41.6545,105,-180,0,-135,30,1,24,150,weld
ecb40bc3,3c1ea575,weld,55,107.07,41.6539,105,-180,0,-135,30,1,24,150,weld
ecb40bc3,3c1ea575,weld,56,109.153,41.6532,105,-180,0,-135,30,1,24,150,weld
ecb40bc3,3c1ea575,weld,57,111.237,41.6526,105,-180,0,-135,30,1,24,150,weld
ecb40bc3,3c1ea575,weld,58,113.32,41.652,105,-180,0,-135,30,1,24,150,weld
ecb40bc3,3c1ea575,weld,59,115.403,41.6514,105,-180,0,-135,30,1,24,150,weld
ecb40bc3,3c1ea575,weld,60,116.769,42.6269,105,-180,0,-135,30,1,24,150,weld
ecb40bc3,3c1ea575,weld,61,118.135,43.6024,105,-180,0,-135,30,1,24,150,weld
ecb40bc3,3c1ea575,weld,62,117.413,44.5797,105,-180,0,-135,30,1,24,150,weld
ecb40bc3,3c1ea575,weld,63,116.692,45.557,105,-180,0,-135,30,1,24,150,weld
ecb40bc3,3c1ea575,weld,64,115.971,46.5343,105,-180,0,-135,30,1,24,150,weld
ecb40bc3,3c1ea575,weld,65,115.25,47.5116,105,-180,0,-135,30,1,24,150,weld
ecb40bc3,3c1ea575,weld,66,114.529,48.4889,105,-180,0,-135,30,1,24,150,weld
ecb40bc3,3c1ea575,weld,67,113.808,49.4661,105,-180,0,-135,30,1,24,150,weld
ecb40bc3,3c1ea575,weld,68,113.087,50.4434,105,-180,0,-135,30,1,24,150,weld
ecb40bc3,3c1ea575,weld,69,112.366,51.4207,105,-180,0,-135,30,1,24,150,weld
ecb40bc3,3c1ea575,weld,70,111.645,52.398,105,-180,0,-135,30,1,24,150,weld
ecb40bc3,3c1ea575,weld,71,110.924,53.3753,105,-180,0,-135,30,1,24,150,weld
ecb40bc3,3c1ea575,weld,72,110.203,54.3526,105,-180,0,-135,30,1,24,150,weld
ecb40bc3,3c1ea575,weld,73,109.482,55.3299,105,-180,0,-135,30,1,24,150,weld
ecb40bc3,3c1ea575,weld,74,108.761,56.3071,105,-180,0,-135,30,1,24,150,weld
ecb40bc3,3c1ea575,weld,75,108.04,57.2844,105,-180,0,-135,30,1,24,150,weld
ecb40bc3,3c1ea575,weld,76,107.319,58.2617,105,-180,0,-135,30,1,24,150,weld
ecb40bc3,3c1ea575,weld,77,106.598,59.239,105,-180,0,-135,30,1,24,150,weld
ecb40bc3,3c1ea575,weld,78,105.877,60.2163,105,-180,0,-135,30,1,24,150,weld
ecb40bc3,3c1ea575,weld,79,105.156,61.1936,105,-180,0,-135,30,1,24,150,weld
ecb40bc3,3c1ea575,weld,80,104.435,62.1709,105,-180,0,-135,30,1,24,150,weld
ecb40bc3,3c1ea575,weld,81,103.713,63.1482,105,-180,0,-135,30,1,24,150,weld
ecb40bc3,3c1ea575,weld,82,102.992,64.1254,105,-180,0,-135,30,1,24,150,weld
ecb40bc3,3c1ea575,weld,83,102.271,65.1027,105,-180,0,-135,30,1,24,150,weld
ecb40bc3,3c1ea575,weld,84,101.55,66.08,105,-180,0,-135,30,1,24,150,weld
ecb40bc3,3c1ea575,weld,85,100.829,67.0573,105,-180,0,-135,30,1,24,150,weld
ecb40bc3,3c1ea575,weld,86,100.108,68.0346,105,-180,0,-135,30,1,24,150,weld
ecb40bc3,3c1ea575,weld,87,99.3871,69.0119,105,-180,0,-135,30,1,24,150,weld
ecb40bc3,3c1ea575,weld,88,98.6661,69.9892,105,-180,0,-135,30,1,24,150,weld
ecb40bc3,3c1ea575,weld,89,97.945,70.9665,105,-180,0,-135,30,1,24,150,weld
ecb40bc3,3c1ea575,weld,90,97.224,71.9437,105,-180,0,-135,30,1,24,150,weld
ecb40bc3,3c1ea575,weld,91,96.5029,72.921,105,-180,0,-135,30,1,24,150,weld
ecb40bc3,3c1ea575,weld,92,95.7819,73.8983,105,-180,0,-135,30,1,24,150,weld
ecb40bc3,3c1ea575,weld,93,95.0608,74.8756,105,-180,0,-135,30,1,24,150,weld
860645b5,3c1ea575,overlap,0,92.6667,77.5,105,-180,0,-135,30,1,24,150,overlap
860645b5,3c1ea575,overlap,1,91.9557,76.5209,105,-180,0,-135,30,1,24,150,overlap
860645b5,3c1ea575,overlap,2,91.2448,75.5417,105,-180,0,-135,30,1,24,150,overlap
860645b5,3c1ea575,overlap,3,90.5339,74.5626,105,-180,0,-135,30,1,24,150,overlap
860645b5,3c1ea575,overlap,4,89.823,73.5834,105,-180,0,-135,30,1,24,150,overlap
860645b5,3c1ea575,overlap,5,89.112,72.6043,105,-180,0,-135,30,1,24,150,overlap
13484eb4,3c1ea575,lead_out,0,95.0608,74.8756,105,-180,0,-135,30,1,24,150,lead_out
13484eb4,3c1ea575,lead_out,1,94.764,75.2779,105,-180,0,-135,30,1,24,150,lead_out
13484eb4,3c1ea575,lead_out,2,94.4671,75.6803,105,-180,0,-135,30,1,24,150,lead_out
13484eb4,3c1ea575,lead_out,3,94.1703,76.0826,105,-180,0,-135,30,1,24,150,lead_out
13484eb4,3c1ea575,lead_out,4,93.8734,76.485,105,-180,0,-135,30,1,24,150,lead_out
13484eb4,3c1ea575,lead_out,5,93.5766,76.8873,105,-180,0,-135,30,1,24,150,lead_out
13484eb4,3c1ea575,lead_out,6,93.2797,77.2897,105,-180,0,-135,30,1,24,150,lead_out
db54e1f6,3c1ea575,retreat,0,92.6667,77.5,115,-180,0,-135,80,0,0,0,retreat
db54e1f6,3c1ea575,retreat,1,92.6667,77.5,115,-180,0,-135,80,0,0,0,retreat
