segment_id,stroke_id,segment_type,point_index,x,y,z,rx,ry,rz,speed_mm_s,arc_enabled,voltage,current,tag
6ec2aefb,880dcf9b,travel,0,82,12.5,115,-180,0,-135,80,0,0,0,travel
6ec2aefb,880dcf9b,travel,1,82,12.5,115,-180,0,-135,80,0,0,0,travel
42799052,880dcf9b,lead_in,0,82,12.5,105,-180,0,-135,30,1,22,140,lead_in
42799052,880dcf9b,lead_in,1,82.3029,12.1022,105,-180,0,-135,30,1,22,140,lead_in
42799052,880dcf9b,lead_in,2,82.6058,11.7044,105,-180,0,-135,30,1,22,140,lead_in
42799052,880dcf9b,lead_in,3,82.9087,11.3066,105,-180,0,-135,30,1,22,140,lead_in
42799052,880dcf9b,lead_in,4,83.2116,10.9088,105,-180,0,-135,30,1,22,140,lead_in
42799052,880dcf9b,lead_in,5,83.5146,10.511,105,-180,0,-135,30,1,22,140,lead_in
42799052,880dcf9b,lead_in,6,83.8175,10.1132,105,-180,0,-135,30,1,22,140,lead_in
946dc7e2,880dcf9b,weld,0,82,12.5,105,-180,0,-135,30,1,22,140,weld
946dc7e2,880dcf9b,weld,1,81.407,13.2788,105,-180,0,-135,30,1,22,140,weld
946dc7e2,880dcf9b,weld,2,80.8139,14.0576,105,-180,0,-135,30,1,22,140,weld
946dc7e2,880dcf9b,weld,3,80.2209,14.8364,105,-180,0,-135,30,1,22,140,weld
946dc7e2,880dcf9b,weld,4,79.6279,15.6152,105,-180,0,-135,30,1,22,140,weld
946dc7e2,880dcf9b,weld,5,79.0349,16.394,105,-180,0,-135,30,1,22,140,weld
946dc7e2,880dcf9b,weld,6,78.4418,17.1728,105,-180,0,-135,30,1,22,140,weld
946dc7e2,880dcf9b,weld,7,77.8488,17.9516,105,-180,0,-135,30,1,22,140,weld
946dc7e2,880dcf9b,weld,8,77.2558,18.7304,105,-180,0,-135,30,1,22,140,weld
946dc7e2,880dcf9b,weld,9,76.6627,19.5092,105,-180,0,-135,30,1,22,140,weld
946dc7e2,880dcf9b,weld,10,76.0697,20.288,105,-180,0,-135,30,1,22,140,weld
946dc7e2,880dcf9b,weld,11,75.4767,21.0668,105,-180,0,-135,30,1,22,140,weld
946dc7e2,880dcf9b,weld,12,74.8837,21.8456,105,-180,0,-135,30,1,22,140,weld
946dc7e2,880dcf9b,weld,13,74.2906,22.6244,105,-180,0,-135,30,1,22,140,weld
946dc7e2,880dcf9b,weld,14,73.6976,23.4031,105,-180,0,-135,30,1,22,140,weld
946dc7e2,880dcf9b,weld,15,73.1046,24.1819,105,-180,0,-135,30,1,22,140,weld
946dc7e2,880dcf9b,weld,16,72.5115,24.9607,105,-180,0,-135,30,1,22,140,weld
946dc7e2,880dcf9b,weld,17,71.9185,25.7395,105,-180,0,-135,30,1,22,140,weld
946dc7e2,880dcf9b,weld,18,71.3255,26.5183,105,-180,0,-135,30,1,22,140,weld
946dc7e2,880dcf9b,weld,19,70.7325,27.2971,105,-180,0,-135,30,1,22,140,weld
946dc7e2,880dcf9b,weld,20,70.1394,28.0759,105,-180,0,-135,30,1,22,140,weld
946dc7e2,880dcf9b,weld,21,69.5464,28.8547,105,-180,0,-135,30,1,22,140,weld
946dc7e2,880dcf9b,weld,22,68.9534,29.6335,105,-180,0,-135,30,1,22,140,weld
946dc7e2,880dcf9b,weld,23,68.3603,30.4123,105,-180,0,-135,30,1,22,140,weld
946dc7e2,880dcf9b,weld,24,67.7673,31.1911,105,-180,0,-135,30,1,22,140,weld
946dc7e2,880dcf9b,weld,25,67.1743,31.9699,105,-180,0,-135,30,1,22,140,weld
946dc7e2,880dcf9b,weld,26,66.5813,32.7487,105,-180,0,-135,30,1,22,140,weld
946dc7e2,880dcf9b,weld,27,65.9882,33.5275,105,-180,0,-135,30,1,22,140,weld
946dc7e2,880dcf9b,weld,28,65.3952,34.3063,105,-180,0,-135,30,1,22,140,weld
946dc7e2,880dcf9b,weld,29,64.8022,35.0851,105,-180,0,-135,30,1,22,140,weld
946dc7e2,880dcf9b,weld,30,64.2091,35.8639,105,-180,0,-135,30,1,22,140,weld
946dc7e2,880dcf9b,weld,31,63.6161,36.6427,105,-180,0,-135,30,1,22,140,weld
946dc7e2,880dcf9b,weld,32,63.0231,37.4215,105,-180,0,-135,30,1,22,140,weld
946dc7e2,880dcf9b,weld,33,62.4301,38.2003,105,-180,0,-135,30,1,22,140,weld
946dc7e2,880dcf9b,weld,34,61.837,38.9791,105,-180,0,-135,30,1,22,140,weld
946dc7e2,880dcf9b,weld,35,61.244,39.7579,105,-180,0,-135,30,1,22,140,weld
946dc7e2,880dcf9b,weld,36,60.651,40.5367,105,-180,0,-135,30,1,22,140,weld
946dc7e2,880dcf9b,weld,37,60.0579,41.3155,105,-180,0,-135,30,1,22,140,weld
946dc7e2,880dcf9b,weld,38,59.4649,42.0943,105,-180,0,-135,30,1,22,140,weld
946dc7e2,880dcf9b,weld,39,58.8719,42.8731,105,-180,0,-135,30,1,22,140,weld
946dc7e2,880dcf9b,weld,40,58.2789,43.6519,105,-180,0,-135,30,1,22,140,weld
946dc7e2,880dcf9b,weld,41,57.6858,44.4307,105,-180,0,-135,30,1,22,140,weld
946dc7e2,880dcf9b,weld,42,57.0928,45.2094,105,-180,0,-135,30,1,22,140,weld
946dc7e2,880dcf9b,weld,43,56.4998,45.9882,105,-180,0,-135,30,1,22,140,weld
946dc7e2,880dcf9b,weld,44,55.9067,46.767,105,-180,0,-135,30,1,22,140,weld
946dc7e2,880dcf9b,weld,45,55.3137,47.5458,105,-180,0,-135,30,1,22,140,weld
946dc7e2,880dcf9b,weld,46,54.7207,48.3246,105,-180,0,-135,30,1,22,140,weld
946dc7e2,880dcf9b,weld,47,54.1277,49.1034,105,-180,0,-135,30,1,22,140,weld
946dc7e2,880dcf9b,weld,48,53.5346,49.8822,105,-180,0,-135,30,1,22,140,weld
946dc7e2,880dcf9b,weld,49,52.9416,50.661,105,-180,0,-135,30,1,22,140,weld
946dc7e2,880dcf9b,weld,50,52.3486,51.4398,105,-180,0,-135,30,1,22,140,weld
946dc7e2,880dcf9b,weld,51,51.7556,52.2186,105,-180,0,-135,30,1,22,140,weld
946dc7e2,880dcf9b,weld,52,51.1625,52.9974,105,-180,0,-135,30,1,22,140,weld
946dc7e2,880dcf9b,weld,53,50.5695,53.7762,105,-180,0,-135,30,1,22,140,weld
946dc7e2,880dcf9b,weld,54,49.9765,54.555,105,-180,0,-135,30,1,22,140,weld
946dc7e2,880dcf9b,weld,55,49.3834,55.3338,105,-180,0,-135,30,1,22,140,weld
946dc7e2,880dcf9b,weld,56,48.7904,56.1126,105,-180,0,-135,30,1,22,140,weld
946dc7e2,880dcf9b,weld,57,48.1974,56.8914,105,-180,0,-135,30,1,22,140,weld
946dc7e2,880dcf9b,weld,58,47.6044,57.6702,105,-180,0,-135,30,1,22,140,weld
946dc7e2,880dcf9b,weld,59,47.0113,58.449,105,-180,0,-135,30,1,22,140,weld
946dc7e2,880dcf9b,weld,60,46.4183,59.2278,105,-180,0,-135,30,1,22,140,weld
946dc7e2,880dcf9b,weld,61,45.8253,60.0066,105,-180,0,-135,30,1,22,140,weld
946dc7e2,880dcf9b,weld,62,45.2322,60.7854,105,-180,0,-135,30,1,22,140,weld
946dc7e2,880dcf9b,weld,63,44.6392,61.5642,105,-180,0,-135,30,1,22,140,weld
946dc7e2,880dcf9b,weld,64,44.0462,62.343,105,-180,0,-135,30,1,22,140,weld
946dc7e2,880dcf9b,weld,65,43.4532,63.1218,105,-180,0,-135,30,1,22,140,weld
946dc7e2,880dcf9b,weld,66,42.8601,63.9006,105,-180,0,-135,30,1,22,140,weld
946dc7e2,880dcf9b,weld,67,42.2671,64.6794,105,-180,0,-135,30,1,22,140,weld
946dc7e2,880dcf9b,weld,68,41.6741,65.4582,105,-180,0,-135,30,1,22,140,weld
946dc7e2,880dcf9b,weld,69,41.081,66.2369,105,-180,0,-135,30,1,22,140,weld
946dc7e2,880dcf9b,weld,70,40.488,67.0157,105,-180,0,-135,30,1,22,140,weld
946dc7e2,880dcf9b,weld,71,39.895,67.7945,105,-180,0,-135,30,1,22,140,weld
946dc7e2,880dcf9b,weld,72,39.302,68.5733,105,-180,0,-135,30,1,22,140,weld
946dc7e2,880dcf9b,weld,73,38.7089,69.3521,105,-180,0,-135,30,1,22,140,weld
946dc7e2,880dcf9b,weld,74,38.1159,70.1309,105,-180,0,-135,30,1,22,140,weld
946dc7e2,880dcf9b,weld,75,37.5229,70.9097,105,-180,0,-135,30,1,22,140,weld
946dc7e2,880dcf9b,weld,76,36.9298,71.6885,105,-180,0,-135,30,1,22,140,weld
946dc7e2,880dcf9b,weld,77,36.3368,72.4673,105,-180,0,-135,30,1,22,140,weld
946dc7e2,880dcf9b,weld,78,35.7438,73.2461,105,-180,0,-135,30,1,22,140,weld
946dc7e2,880dcf9b,weld,79,35.1508,74.0249,105,-180,0,-135,30,1,22,140,weld
946dc7e2,880dcf9b,weld,80,34.5577,74.8037,105,-180,0,-135,30,1,22,140,weld
946dc7e2,880dcf9b,weld,81,33.9647,75.5825,105,-180,0,-135,30,1,22,140,weld
946dc7e2,880dcf9b,weld,82,33.3717,76.3613,105,-180,0,-135,30,1,22,140,weld
946dc7e2,880dcf9b,weld,83,32.7786,77.1401,105,-180,0,-135,30,1,22,140,weld
946dc7e2,880dcf9b,weld,84,32.1856,77.9189,105,-180,0,-135,30,1,22,140,weld
946dc7e2,880dcf9b,weld,85,31.5926,78.6977,105,-180,0,-135,30,1,22,140,weld
946dc7e2,880dcf9b,weld,86,30.9996,79.4765,105,-180,0,-135,30,1,22,140,weld
946dc7e2,880dcf9b,weld,87,30.4065,80.2553,105,-180,0,-135,30,1,22,140,weld
946dc7e2,880dcf9b,weld,88,29.8135,81.0341,105,-180,0,-135,30,1,22,140,weld
946dc7e2,880dcf9b,weld,89,29.2205,81.8129,105,-180,0,-135,30,1,22,140,weld
946dc7e2,880dcf9b,weld,90,28.6274,82.5917,105,-180,0,-135,30,1,22,140,weld
946dc7e2,880dcf9b,weld,91,28.0344,83.3705,105,-180,0,-135,30,1,22,140,weld
946dc7e2,880dcf9b,weld,92,27.4414,84.1493,105,-180,0,-135,30,1,22,140,weld
946dc7e2,880dcf9b,weld,93,26.8484,84.9281,105,-180,0,-135,30,1,22,140,weld
946dc7e2,880dcf9b,weld,94,27.8226,85.1573,105,-180,0,-135,30,1,22,140,weld
946dc7e2,880dcf9b,weld,95,29.489,85.1439,105,-180,0,-135,30,1,22,140,weld
946dc7e2,880dcf9b,weld,96,31.1555,85.1305,105,-180,0,-135,30,1,22,140,weld
946dc7e2,880dcf9b,weld,97,32.8219,85.117,105,-180,0,-135,30,1,22,140,weld
946dc7e2,880dcf9b,weld,98,34.4884,85.1036,105,-180,0,-135,30,1,22,140,weld
946dc7e2,880dcf9b,weld,99,36.1548,85.0901,105,-180,0,-135,30,1,22,140,weld
946dc7e2,880dcf9b,weld,100,37.8213,85.0767,105,-180,0,-135,30,1,22,140,weld
946dc7e2,880dcf9b,weld,101,39.4877,85.0633,105,-180,0,-135,30,1,22,140,weld
946dc7e2,880dcf9b,weld,102,41.1542,85.0498,105,-180,0,-135,30,1,22,140,weld
946dc7e2,880dcf9b,weld,103,42.8206,85.0364,105,-180,0,-135,30,1,22,140,weld
946dc7e2,880dcf9b,weld,104,44.4871,85.023,105,-180,0,-135,30,1,22,140,weld
946dc7e2,880dcf9b,weld,105,46.1535,85.0095,105,-180,0,-135,30,1,22,140,weld
946dc7e2,880dcf9b,weld,106,47.4929,84.7701,105,-180,0,-135,30,1,22,140,weld
946dc7e2,880dcf9b,weld,107,48.0391,83.9828,105,-180,0,-135,30,1,22,140,weld
946dc7e2,880dcf9b,weld,108,48.5854,83.1955,105,-180,0,-135,30,1,22,140,weld
946dc7e2,880dcf9b,weld,109,49.1317,82.4082,105,-180,0,-135,30,1,22,140,weld
946dc7e2,880dcf9b,weld,110,49.678,81.6209,105,-180,0,-135,30,1,22,140,weld
946dc7e2,880dcf9b,weld,111,50.2243,80.8336,105,-180,0,-135,30,1,22,140,weld
946dc7e2,880dcf9b,weld,112,50.7706,80.0463,105,-180,0,-135,30,1,22,140,weld
946dc7e2,880dcf9b,weld,113,51.3169,79.259,105,-180,0,-135,30,1,22,140,weld
946dc7e2,880dcf9b,weld,114,51.8632,78.4717,105,-180,0,-135,30,1,22,140,weld
946dc7e2,880dcf9b,weld,115,52.4094,77.6844,105,-180,0,-135,30,1,22,140,weld
946dc7e2,880dcf9b,weld,116,52.9557,76.8971,105,-180,0,-135,30,1,22,140,weld
946dc7e2,880dcf9b,weld,117,53.502,76.1098,105,-180,0,-135,30,1,22,140,weld
946dc7e2,880dcf9b,weld,118,54.0483,75.3225,105,-180,0,-135,30,1,22,140,weld
946dc7e2,880dcf9b,weld,119,54.5946,74.5352,105,-180,0,-135,30,1,22,140,weld
946dc7e2,880dcf9b,weld,120,55.1409,73.7479,105,-180,0,-135,30,1,22,140,weld
946dc7e2,880dcf9b,weld,121,55.6872,72.9606,105,-180,0,-135,30,1,22,140,weld
946dc7e2,880dcf9b,weld,122,56.2335,72.1733,105,-180,0,-135,30,1,22,140,weld
946dc7e2,880dcf9b,weld,123,56.7797,71.386,105,-180,0,-135,30,1,22,140,weld
946dc7e2,880dcf9b,weld,124,57.326,70.5988,105,-180,0,-135,30,1,22,140,weld
946dc7e2,880dcf9b,weld,125,57.8723,69.8115,105,-180,0,-135,30,1,22,140,weld
946dc7e2,880dcf9b,weld,126,58.4186,69.0242,105,-180,0,-135,30,1,22,140,weld
946dc7e2,880dcf9b,weld,127,59.048,68.2536,105,-180,0,-135,30,1,22,140,weld
946dc7e2,880dcf9b,weld,128,59.7464,67.497,105,-180,0,-135,30,1,22,140,weld
946dc7e2,880dcf9b,weld,129,60.4448,66.7403,105,-180,0,-135,30,1,22,140,weld
946dc7e2,880dcf9b,weld,130,61.8039,66.5,105,-180,0,-135,30,1,22,140,weld
946dc7e2,880dcf9b,weld,131,63.4706,66.5,105,-180,0,-135,30,1,22,140,weld
946dc7e2,880dcf9b,weld,132,65.1373,66.5,105,-180,0,-135,30,1,22,140,weld
946dc7e2,880dcf9b,weld,133,66.8039,66.5,105,-180,0,-135,30,1,22,140,weld
946dc7e2,880dcf9b,weld,134,68.4706,66.5,105,-180,0,-135,30,1,22,140,weld
946dc7e2,880dcf9b,weld,135,70.1373,66.5,105,-180,0,-135,30,1,22,140,weld
946dc7e2,880dcf9b,weld,136,71.8039,66.5,105,-180,0,-135,30,1,22,140,weld
946dc7e2,880dcf9b,weld,137,73.4706,66.5,105,-180,0,-135,30,1,22,140,weld
946dc7e2,880dcf9b,weld,138,75.1373,66.5,105,-180,0,-135,30,1,22,140,weld
946dc7e2,880dcf9b,weld,139,76.8039,66.5,105,-180,0,-135,30,1,22,140,weld
946dc7e2,880dcf9b,weld,140,78.4706,66.5,105,-180,0,-135,30,1,22,140,weld
946dc7e2,880dcf9b,weld,141,80.1373,66.5,105,-180,0,-135,30,1,22,140,weld
946dc7e2,880dcf9b,weld,142,81.8039,66.5,105,-180,0,-135,30,1,22,140,weld
946dc7e2,880dcf9b,weld,143,83.4706,66.5,105,-180,0,-135,30,1,22,140,weld
946dc7e2,880dcf9b,weld,144,85.1373,66.5,105,-180,0,-135,30,1,22,140,weld
946dc7e2,880dcf9b,weld,145,86.8039,66.5,105,-180,0,-135,30,1,22,140,weld
946dc7e2,880dcf9b,weld,146,88.4706,66.5,105,-180,0,-135,30,1,22,140,weld
946dc7e2,880dcf9b,weld,147,90.1373,66.5,105,-180,0,-135,30,1,22,140,weld
946dc7e2,880dcf9b,weld,148,91.8039,66.5,105,-180,0,-135,30,1,22,140,weld
946dc7e2,880dcf9b,weld,149,93.4706,66.5,105,-180,0,-135,30,1,22,140,weld
946dc7e2,880dcf9b,weld,150,95.1373,66.5,105,-180,0,-135,30,1,22,140,weld
946dc7e2,880dcf9b,weld,151,96.8039,66.5,105,-180,0,-135,30,1,22,140,weld
946dc7e2,880dcf9b,weld,152,98.4706,66.5,105,-180,0,-135,30,1,22,140,weld
946dc7e2,880dcf9b,weld,153,100.137,66.5,105,-180,0,-135,30,1,22,140,weld
946dc7e2,880dcf9b,weld,154,101.804,66.5,105,-180,0,-135,30,1,22,140,weld
946dc7e2,880dcf9b,weld,155,103.471,66.5,105,-180,0,-135,30,1,22,140,weld
946dc7e2,880dcf9b,weld,156,105.137,66.5,105,-180,0,-135,30,1,22,140,weld
946dc7e2,880dcf9b,weld,157,106.804,66.5,105,-180,0,-135,30,1,22,140,weld
946dc7e2,880dcf9b,weld,158,108.471,66.5,105,-180,0,-135,30,1,22,140,weld
946dc7e2,880dcf9b,weld,159,110.137,66.5,105,-180,0,-135,30,1,22,140,weld
946dc7e2,880dcf9b,weld,160,111.804,66.5,105,-180,0,-135,30,1,22,140,weld
946dc7e2,880dcf9b,weld,161,113.471,66.5,105,-180,0,-135,30,1,22,140,weld
946dc7e2,880dcf9b,weld,162,115.137,66.5,105,-180,0,-135,30,1,22,140,weld
946dc7e2,880dcf9b,weld,163,116.804,66.5,105,-180,0,-135,30,1,22,140,weld
946dc7e2,880dcf9b,weld,164,118.471,66.5,105,-180,0,-135,30,1,22,140,weld
946dc7e2,880dcf9b,weld,165,120.137,66.5,105,-180,0,-135,30,1,22,140,weld
946dc7e2,880dcf9b,weld,166,121.804,66.5,105,-180,0,-135,30,1,22,140,weld
946dc7e2,880dcf9b,weld,167,123.471,66.5,105,-180,0,-135,30,1,22,140,weld
946dc7e2,880dcf9b,weld,168,125.137,66.5,105,-180,0,-135,30,1,22,140,weld
946dc7e2,880dcf9b,weld,169,126.337,66.865,105,-180,0,-135,30,1,22,140,weld
946dc7e2,880dcf9b,weld,170,127.035,67.6216,105,-180,0,-135,30,1,22,140,weld
946dc7e2,880dcf9b,weld,171,127.734,68.3782,105,-180,0,-135,30,1,22,140,weld
946dc7e2,880dcf9b,weld,172,128.338,69.1538,105,-180,0,-135,30,1,22,140,weld
946dc7e2,880dcf9b,weld,173,128.884,69.9411,105,-180,0,-135,30,1,22,140,weld
946dc7e2,880dcf9b,weld,174,129.431,70.7284,105,-180,0,-135,30,1,22,140,weld
946dc7e2,880dcf9b,weld,175,129.977,71.5157,105,-180,0,-135,30,1,22,140,weld
946dc7e2,880dcf9b,weld,176,130.523,72.303,105,-180,0,-135,30,1,22,140,weld
946dc7e2,880dcf9b,weld,177,131.069,73.0903,105,-180,0,-135,30,1,22,140,weld
946dc7e2,880dcf9b,weld,178,131.616,73.8776,105,-180,0,-135,30,1,22,140,weld
946dc7e2,880dcf9b,weld,179,132.162,74.6649,105,-180,0,-135,30,1,22,140,weld
946dc7e2,880dcf9b,weld,180,132.708,75.4522,105,-180,0,-135,30,1,22,140,weld
946dc7e2,880dcf9b,weld,181,133.255,76.2395,105,-180,0,-135,30,1,22,140,weld
946dc7e2,880dcf9b,weld,182,133.801,77.0268,105,-180,0,-135,30,1,22,140,weld
946dc7e2,880dcf9b,weld,183,134.347,77.8141,105,-180,0,-135,30,1,22,140,weld
946dc7e2,880dcf9b,weld,184,134.893,78.6014,105,-180,0,-135,30,1,22,140,weld
946dc7e2,880dcf9b,weld,185,135.44,79.3887,105,-180,0,-135,30,1,22,140,weld
946dc7e2,880dcf9b,weld,186,135.986,80.176,105,-180,0,-135,30,1,22,140,weld
946dc7e2,880dcf9b,weld,187,136.532,80.9633,105,-180,0,-135,30,1,22,140,weld
946dc7e2,880dcf9b,weld,188,137.079,81.7506,105,-180,0,-135,30,1,22,140,weld
946dc7e2,880dcf9b,weld,189,137.625,82.5379,105,-180,0,-135,30,1,22,140,weld
946dc7e2,880dcf9b,weld,190,138.171,83.3252,105,-180,0,-135,30,1,22,140,weld
946dc7e2,880dcf9b,weld,191,138.718,84.1125,105,-180,0,-135,30,1,22,140,weld
946dc7e2,880dcf9b,weld,192,139.264,84.8998,105,-180,0,-135,30,1,22,140,weld
946dc7e2,880dcf9b,weld,193,140.788,85.0119,105,-180,0,-135,30,1,22,140,weld
946dc7e2,880dcf9b,weld,194,142.454,85.0256,105,-180,0,-135,30,1,22,140,weld
946dc7e2,880dcf9b,weld,195,144.121,85.0392,105,-180,0,-135,30,1,22,140,weld
946dc7e2,880dcf9b,weld,196,145.787,85.0529,105,-180,0,-135,30,1,22,140,weld
946dc7e2,880dcf9b,weld,197,147.453,85.0666,105,-180,0,-135,30,1,22,140,weld
946dc7e2,880dcf9b,weld,198,149.12,85.0802,105,-180,0,-135,30,1,22,140,weld
946dc7e2,880dcf9b,weld,199,150.786,85.0939,105,-180,0,-135,30,1,22,140,weld
946dc7e2,880dcf9b,weld,200,152.453,85.1075,105,-180,0,-135,30,1,22,140,weld
946dc7e2,880dcf9b,weld,201,154.119,85.1212,105,-180,0,-135,30,1,22,140,weld
946dc7e2,880dcf9b,weld,202,155.786,85.1349,105,-180,0,-135,30,1,22,140,weld
946dc7e2,880dcf9b,weld,203,157.452,85.1485,105,-180,0,-135,30,1,22,140,weld
946dc7e2,880dcf9b,weld,204,159.119,85.1622,105,-180,0,-135,30,1,22,140,weld
946dc7e2,880dcf9b,weld,205,159.269,84.644,105,-180,0,-135,30,1,22,140,weld
946dc7e2,880dcf9b,weld,206,158.676,83.8652,105,-180,0,-135,30,1,22,140,weld
946dc7e2,880dcf9b,weld,207,158.083,83.0864,105,-180,0,-135,30,1,22,140,weld
946dc7e2,880dcf9b,weld,208,157.49,82.3076,105,-180,0,-135,30,1,22,140,weld
946dc7e2,880dcf9b,weld,209,156.897,81.5289,105,-180,0,-135,30,1,22,140,weld
946dc7e2,880dcf9b,weld,210,156.304,80.7501,105,-180,0,-135,30,1,22,140,weld
946dc7e2,880dcf9b,weld,211,155.711,79.9713,105,-180,0,-135,30,1,22,140,weld
946dc7e2,880dcf9b,weld,212,155.118,79.1925,105,-180,0,-135,30,1,22,140,weld
946dc7e2,880dcf9b,weld,213,154.524,78.4137,105,-180,0,-135,30,1,22,140,weld
946dc7e2,880dcf9b,weld,214,153.931,77.6349,105,-180,0,-135,30,1,22,140,weld
946dc7e2,880dcf9b,weld,215,153.338,76.8561,105,-180,0,-135,30,1,22,140,weld
946dc7e2,880dcf9b,weld,216,152.745,76.0773,105,-180,0,-135,30,1,22,140,weld
946dc7e2,880dcf9b,weld,217,152.152,75.2985,105,-180,0,-135,30,1,22,140,weld
946dc7e2,880dcf9b,weld,218,151.559,74.5197,105,-180,0,-135,30,1,22,140,weld
946dc7e2,880dcf9b,weld,219,150.966,73.7409,105,-180,0,-135,30,1,22,140,weld
946dc7e2,880dcf9b,weld,220,150.373,72.9621,105,-180,0,-135,30,1,22,140,weld
946dc7e2,880dcf9b,weld,221,149.78,72.1833,105,-180,0,-135,30,1,22,140,weld
946dc7e2,880dcf9b,weld,222,149.187,71.4045,105,-180,0,-135,30,1,22,140,weld
946dc7e2,880dcf9b,weld,223,148.594,70.6257,105,-180,0,-135,30,1,22,140,weld
946dc7e2,880dcf9b,weld,224,148.001,69.8469,105,-180,0,-135,30,1,22,140,weld
946dc7e2,880dcf9b,weld,225,147.408,69.0681,105,-180,0,-135,30,1,22,140,weld
946dc7e2,880dcf9b,weld,226,146.815,68.2893,105,-180,0,-135,30,1,22,140,weld
946dc7e2,880dcf9b,weld,227,146.222,67.5105,105,-180,0,-135,30,1,22,140,weld
946dc7e2,880dcf9b,weld,228,145.629,66.7317,105,-180,0,-135,30,1,22,140,weld
946dc7e2,880dcf9b,weld,229,145.036,65.9529,105,-180,0,-135,30,1,22,140,weld
946dc7e2,880dcf9b,weld,230,144.443,65.1741,105,-180,0,-135,30,1,22,140,weld
946dc7e2,880dcf9b,weld,231,143.85,64.3953,105,-180,0,-135,30,1,22,140,weld
946dc7e2,880dcf9b,weld,232,143.257,63.6165,105,-180,0,-135,30,1,22,140,weld
946dc7e2,880dcf9b,weld,233,142.664,62.8377,105,-180,0,-135,30,1,22,140,weld
946dc7e2,880dcf9b,weld,234,142.071,62.0589,105,-180,0,-135,30,1,22,140,weld
946dc7e2,880dcf9b,weld,235,141.478,61.2801,105,-180,0,-135,30,1,22,140,weld
946dc7e2,880dcf9b,weld,236,140.885,60.5013,105,-180,0,-135,30,1,22,140,weld
946dc7e2,880dcf9b,weld,237,140.292,59.7226,105,-180,0,-135,30,1,22,140,weld
946dc7e2,880dcf9b,weld,238,139.699,58.9438,105,-180,0,-135,30,1,22,140,weld
946dc7e2,880dcf9b,weld,239,139.106,58.165,105,-180,0,-135,30,1,22,140,weld
946dc7e2,880dcf9b,weld,240,138.513,57.3862,105,-180,0,-135,30,1,22,140,weld
946dc7e2,880dcf9b,weld,241,137.92,56.6074,105,-180,0,-135,30,1,22,140,weld
946dc7e2,880dcf9b,weld,242,137.327,55.8286,105,-180,0,-135,30,1,22,140,weld
946dc7e2,880dcf9b,weld,243,136.734,55.0498,105,-180,0,-135,30,1,22,140,weld
946dc7e2,880dcf9b,weld,244,136.141,54.271,105,-180,0,-135,30,1,22,140,weld
946dc7e2,880dcf9b,weld,245,135.548,53.4922,105,-180,0,-135,30,1,22,140,weld
946dc7e2,880dcf9b,weld,246,134.955,52.7134,105,-180,0,-135,30,1,22,140,weld
946dc7e2,880dcf9b,weld,247,134.362,51.9346,105,-180,0,-135,30,1,22,140,weld
946dc7e2,880dcf9b,weld,248,133.768,51.1558,105,-180,0,-135,30,1,22,140,weld
946dc7e2,880dcf9b,weld,249,133.175,50.377,105,-180,0,-135,30,1,22,140,weld
946dc7e2,880dcf9b,weld,250,132.582,49.5982,105,-180,0,-135,30,1,22,140,weld
946dc7e2,880dcf9b,weld,251,131.989,48.8194,105,-180,0,-135,30,1,22,140,weld
946dc7e2,880dcf9b,weld,252,131.396,48.0406,105,-180,0,-135,30,1,22,140,weld
946dc7e2,880dcf9b,weld,253,130.803,47.2618,105,-180,0,-135,30,1,22,140,weld
946dc7e2,880dcf9b,weld,254,130.21,46.483,105,-180,0,-135,30,1,22,140,weld
946dc7e2,880dcf9b,weld,255,129.617,45.7042,105,-180,0,-135,30,1,22,140,weld
946dc7e2,880dcf9b,weld,256,129.024,44.9254,105,-180,0,-135,30,1,22,140,weld
946dc7e2,880dcf9b,weld,257,128.431,44.1466,105,-180,0,-135,30,1,22,140,weld
946dc7e2,880dcf9b,weld,258,127.838,43.3678,105,-180,0,-135,30,1,22,140,weld
946dc7e2,880dcf9b,weld,259,127.245,42.589,105,-180,0,-135,30,1,22,140,weld
946dc7e2,880dcf9b,weld,260,126.652,41.8102,105,-180,0,-135,30,1,22,140,weld
946dc7e2,880dcf9b,weld,261,126.059,41.0314,105,-180,0,-135,30,1,22,140,weld
946dc7e2,880dcf9b,weld,262,125.466,40.2526,105,-180,0,-135,30,1,22,140,weld
946dc7e2,880dcf9b,weld,263,124.873,39.4738,105,-180,0,-135,30,1,22,140,weld
946dc7e2,880dcf9b,weld,264,124.28,38.6951,105,-180,0,-135,30,1,22,140,weld
946dc7e2,880dcf9b,weld,265,123.687,37.9163,105,-180,0,-135,30,1,22,140,weld
946dc7e2,880dcf9b,weld,266,123.094,37.1375,105,-180,0,-135,30,1,22,140,weld
946dc7e2,880dcf9b,weld,267,122.501,36.3587,105,-180,0,-135,30,1,22,140,weld
946dc7e2,880dcf9b,weld,268,121.908,35.5799,105,-180,0,-135,30,1,22,140,weld
946dc7e2,880dcf9b,weld,269,121.315,34.8011,105,-180,0,-135,30,1,22,140,weld
946dc7e2,880dcf9b,weld,270,120.722,34.0223,105,-180,0,-135,30,1,22,140,weld
946dc7e2,880dcf9b,weld,271,120.129,33.2435,105,-180,0,-135,30,1,22,140,weld
946dc7e2,880dcf9b,weld,272,119.536,32.4647,105,-180,0,-135,30,1,22,140,weld
946dc7e2,880dcf9b,weld,273,118.943,31.6859,105,-180,0,-135,30,1,22,140,weld
946dc7e2,880dcf9b,weld,274,118.35,30.9071,105,-180,0,-135,30,1,22,140,weld
946dc7e2,880dcf9b,weld,275,117.757,30.1283,105,-180,0,-135,30,1,22,140,weld
946dc7e2,880dcf9b,weld,276,117.164,29.3495,105,-180,0,-135,30,1,22,140,weld
946dc7e2,880dcf9b,weld,277,116.571,28.5707,105,-180,0,-135,30,1,22,140,weld
946dc7e2,880dcf9b,weld,278,115.978,27.7919,105,-180,0,-135,30,1,22,140,weld
946dc7e2,880dcf9b,weld,279,115.385,27.0131,105,-180,0,-135,30,1,22,140,weld
946dc7e2,880dcf9b,weld,280,114.792,26.2343,105,-180,0,-135,30,1,22,140,weld
946dc7e2,880dcf9b,weld,281,114.199,25.4555,105,-180,0,-135,30,1,22,140,weld
946dc7e2,880dcf9b,weld,282,113.606,24.6767,105,-180,0,-135,30,1,22,140,weld
946dc7e2,880dcf9b,weld,283,113.012,23.8979,105,-180,0,-135,30,1,22,140,weld
946dc7e2,880dcf9b,weld,284,112.419,23.1191,105,-180,0,-135,30,1,22,140,weld
946dc7e2,880dcf9b,weld,285,111.826,22.3403,105,-180,0,-135,30,1,22,140,weld
946dc7e2,880dcf9b,weld,286,111.233,21.5615,105,-180,0,-135,30,1,22,140,weld
946dc7e2,880dcf9b,weld,287,110.64,20.7827,105,-180,0,-135,30,1,22,140,weld
946dc7e2,880dcf9b,weld,288,110.047,20.0039,105,-180,0,-135,30,1,22,140,weld
946dc7e2,880dcf9b,weld,289,109.454,19.2251,105,-180,0,-135,30,1,22,140,weld
946dc7e2,880dcf9b,weld,290,108.861,18.4463,105,-180,0,-135,30,1,22,140,weld
946dc7e2,880dcf9b,weld,291,108.268,17.6675,105,-180,0,-135,30,1,22,140,weld
946dc7e2,880dcf9b,weld,292,107.675,16.8888,105,-180,0,-135,30,1,22,140,weld
946dc7e2,880dcf9b,weld,293,107.082,16.11,105,-180,0,-135,30,1,22,140,weld
946dc7e2,880dcf9b,weld,294,106.489,15.3312,105,-180,0,-135,30,1,22,140,weld
946dc7e2,880dcf9b,weld,295,105.896,14.5524,105,-180,0,-135,30,1,22,140,weld
946dc7e2,880dcf9b,weld,296,105.303,13.7736,105,-180,0,-135,30,1,22,140,weld
946dc7e2,880dcf9b,weld,297,104.71,12.9948,105,-180,0,-135,30,1,22,140,weld
946dc7e2,880dcf9b,weld,298,103.726,12.5,105,-180,0,-135,30,1,22,140,weld
946dc7e2,880dcf9b,weld,299,102.059,12.5,105,-180,0,-135,30,1,22,140,weld
946dc7e2,880dcf9b,weld,300,100.392,12.5,105,-180,0,-135,30,1,22,140,weld
946dc7e2,880dcf9b,weld,301,98.7255,12.5,105,-180,0,-135,30,1,22,140,weld
946dc7e2,880dcf9b,weld,302,97.0588,12.5,105,-180,0,-135,30,1,22,140,weld
946dc7e2,880dcf9b,weld,303,95.3922,12.5,105,-180,0,-135,30,1,22,140,weld
946dc7e2,880dcf9b,weld,304,93.7255,12.5,105,-180,0,-135,30,1,22,140,weld
946dc7e2,880dcf9b,weld,305,92.0588,12.5,105,-180,0,-135,30,1,22,140,weld
946dc7e2,880dcf9b,weld,306,90.3922,12.5,105,-180,0,-135,30,1,22,140,weld
946dc7e2,880dcf9b,weld,307,88.7255,12.5,105,-180,0,-135,30,1,22,140,weld
946dc7e2,880dcf9b,weld,308,87.0588,12.5,105,-180,0,-135,30,1,22,140,weld
946dc7e2,880dcf9b,weld,309,85.3922,12.5,105,-180,0,-135,30,1,22,140,weld
946dc7e2,880dcf9b,weld,310,83.7255,12.5,105,-180,0,-135,30,1,22,140,weld
946dc7e2,880dcf9b,weld,311,82.0588,12.5,105,-180,0,-135,30,1,22,140,weld
04abeae3,880dcf9b,overlap,0,82,12.5,105,-180,0,-135,30,1,22,140,overlap
04abeae3,880dcf9b,overlap,1,81.407,13.2788,105,-180,0,-135,30,1,22,140,overlap
04abeae3,880dcf9b,overlap,2,80.8139,14.0576,105,-180,0,-135,30,1,22,140,overlap
04abeae3,880dcf9b,overlap,3,80.2209,14.8364,105,-180,0,-135,30,1,22,140,overlap
04abeae3,880dcf9b,overlap,4,79.6279,15.6152,105,-180,0,-135,30,1,22,140,overlap
04abeae3,880dcf9b,overlap,5,79.0349,16.394,105,-180,0,-135,30,1,22,140,overlap
04abeae3,880dcf9b,overlap,6,78.4418,17.1728,105,-180,0,-135,30,1,22,140,overlap
923a3a12,880dcf9b,lead_out,0,82.0588,12.5,105,-180,0,-135,30,1,22,140,lead_out
923a3a12,880dcf9b,lead_out,1,81.5588,12.5,105,-180,0,-135,30,1,22,140,lead_out
923a3a12,880dcf9b,lead_out,2,81.0588,12.5,105,-180,0,-135,30,1,22,140,lead_out
923a3a12,880dcf9b,lead_out,3,80.5588,12.5,105,-180,0,-135,30,1,22,140,lead_out
923a3a12,880dcf9b,lead_out,4,80.0588,12.5,105,-180,0,-135,30,1,22,140,lead_out
923a3a12,880dcf9b,lead_out,5,79.5588,12.5,105,-180,0,-135,30,1,22,140,lead_out
923a3a12,880dcf9b,lead_out,6,79.0588,12.5,105,-180,0,-135,30,1,22,140,lead_out
4339c547,880dcf9b,retreat,0,82,12.5,115,-180,0,-135,80,0,0,0,retreat
4339c547,880dcf9b,retreat,1,82,12.5,115,-180,0,-135,80,0,0,0,retreat
0132594b,21ff29ab,travel,0,64,20.8333,115,-180,0,-135,80,0,0,0,travel
0132594b,21ff29ab,travel,1,64,20.8333,115,-180,0,-135,80,0,0,0,travel
9119f5ae,21ff29ab,lead_in,0,64,20.8333,105,-180,0,-135,30,1,22,140,lead_in
9119f5ae,21ff29ab,lead_in,1,63.9923,20.3334,105,-180,0,-135,30,1,22,140,lead_in
9119f5ae,21ff29ab,lead_in,2,63.9846,19.8335,105,-180,0,-135,30,1,22,140,lead_in
9119f5ae,21ff29ab,lead_in,3,63.9769,19.3335,105,-180,0,-135,30,1,22,140,lead_in
9119f5ae,21ff29ab,lead_in,4,63.9692,18.8336,105,-180,0,-135,30,1,22,140,lead_in
9119f5ae,21ff29ab,lead_in,5,63.9615,18.3336,105,-180,0,-135,30,1,22,140,lead_in
9119f5ae,21ff29ab,lead_in,6,63.9539,17.8337,105,-180,0,-135,30,1,22,140,lead_in
09086f95,21ff29ab,weld,0,64,20.8333,105,-180,0,-135,30,1,22,140,weld
09086f95,21ff29ab,weld,1,64.016,21.875,105,-180,0,-135,30,1,22,140,weld
09086f95,21ff29ab,weld,2,64.0321,22.9166,105,-180,0,-135,30,1,22,140,weld
09086f95,21ff29ab,weld,3,64.0481,23.9582,105,-180,0,-135,30,1,22,140,weld
09086f95,21ff29ab,weld,4,64.0641,24.9999,105,-180,0,-135,30,1,22,140,weld
09086f95,21ff29ab,weld,5,64.0801,26.0415,105,-180,0,-135,30,1,22,140,weld
09086f95,21ff29ab,weld,6,64.0962,27.0831,105,-180,0,-135,30,1,22,140,weld
09086f95,21ff29ab,weld,7,64.1122,28.1248,105,-180,0,-135,30,1,22,140,weld
09086f95,21ff29ab,weld,8,64.1282,29.1664,105,-180,0,-135,30,1,22,140,weld
09086f95,21ff29ab,weld,9,64.1442,30.2081,105,-180,0,-135,30,1,22,140,weld
09086f95,21ff29ab,weld,10,64.1603,31.2497,105,-180,0,-135,30,1,22,140,weld
09086f95,21ff29ab,weld,11,64.1763,32.2913,105,-180,0,-135,30,1,22,140,weld
09086f95,21ff29ab,weld,12,64.1923,33.333,105,-180,0,-135,30,1,22,140,weld
09086f95,21ff29ab,weld,13,64.2083,34.3746,105,-180,0,-135,30,1,22,140,weld
09086f95,21ff29ab,weld,14,64.2244,35.4162,105,-180,0,-135,30,1,22,140,weld
09086f95,21ff29ab,weld,15,64.2404,36.4579,105,-180,0,-135,30,1,22,140,weld
09086f95,21ff29ab,weld,16,64.2564,37.4995,105,-180,0,-135,30,1,22,140,weld
09086f95,21ff29ab,weld,17,64.2724,38.5411,105,-180,0,-135,30,1,22,140,weld
09086f95,21ff29ab,weld,18,64.2885,39.5828,105,-180,0,-135,30,1,22,140,weld
09086f95,21ff29ab,weld,19,64.3045,40.6244,105,-180,0,-135,30,1,22,140,weld
09086f95,21ff29ab,weld,20,64.3205,41.6661,105,-180,0,-135,30,1,22,140,weld
09086f95,21ff29ab,weld,21,66.5454,41.9016,105,-180,0,-135,30,1,22,140,weld
09086f95,21ff29ab,weld,22,68.7703,42.1372,105,-180,0,-135,30,1,22,140,weld
09086f95,21ff29ab,weld,23,70.9952,42.3728,105,-180,0,-135,30,1,22,140,weld
09086f95,21ff29ab,weld,24,73.077,42.3333,105,-180,0,-135,30,1,22,140,weld
09086f95,21ff29ab,weld,25,75.1588,42.2937,105,-180,0,-135,30,1,22,140,weld
09086f95,21ff29ab,weld,26,77.2407,42.2542,105,-180,0,-135,30,1,22,140,weld
09086f95,21ff29ab,weld,27,79.3225,42.2146,105,-180,0,-135,30,1,22,140,weld
09086f95,21ff29ab,weld,28,81.4043,42.1751,105,-180,0,-135,30,1,22,140,weld
09086f95,21ff29ab,weld,29,83.4862,42.1355,105,-180,0,-135,30,1,22,140,weld
09086f95,21ff29ab,weld,30,85.568,42.096,105,-180,0,-135,30,1,22,140,weld
09086f95,21ff29ab,weld,31,87.6498,42.0564,105,-180,0,-135,30,1,22,140,weld
09086f95,21ff29ab,weld,32,89.7317,42.0169,105,-180,0,-135,30,1,22,140,weld
09086f95,21ff29ab,weld,33,91.8135,41.9773,105,-180,0,-135,30,1,22,140,weld
09086f95,21ff29ab,weld,34,93.8953,41.9378,105,-180,0,-135,30,1,22,140,weld
09086f95,21ff29ab,weld,35,95.9772,41.8983,105,-180,0,-135,30,1,22,140,weld
09086f95,21ff29ab,weld,36,98.059,41.8587,105,-180,0,-135,30,1,22,140,weld
09086f95,21ff29ab,weld,37,100.141,41.8192,105,-180,0,-135,30,1,22,140,weld
09086f95,21ff29ab,weld,38,102.223,41.7796,105,-180,0,-135,30,1,22,140,weld
09086f95,21ff29ab,weld,39,104.304,41.7401,105,-180,0,-135,30,1,22,140,weld
09086f95,21ff29ab,weld,40,106.797,41.2487,105,-180,0,-135,30,1,22,140,weld
09086f95,21ff29ab,weld,41,109.29,40.7573,105,-180,0,-135,30,1,22,140,weld
09086f95,21ff29ab,weld,42,111.783,40.2659,105,-180,0,-135,30,1,22,140,weld
09086f95,21ff29ab,weld,43,113.483,39.6755,105,-180,0,-135,30,1,22,140,weld
09086f95,21ff29ab,weld,44,115.183,39.0851,105,-180,0,-135,30,1,22,140,weld
09086f95,21ff29ab,weld,45,116.883,38.4947,105,-180,0,-135,30,1,22,140,weld
09086f95,21ff29ab,weld,46,118.583,37.9043,105,-180,0,-135,30,1,22,140,weld
09086f95,21ff29ab,weld,47,119.326,36.9312,105,-180,0,-135,30,1,22,140,weld
09086f95,21ff29ab,weld,48,120.069,35.958,105,-180,0,-135,30,1,22,140,weld
09086f95,21ff29ab,weld,49,120.812,34.9848,105,-180,0,-135,30,1,22,140,weld
09086f95,21ff29ab,weld,50,121.555,34.0117,105,-180,0,-135,30,1,22,140,weld
09086f95,21ff29ab,weld,51,121.411,32.9895,105,-180,0,-135,30,1,22,140,weld
09086f95,21ff29ab,weld,52,121.267,31.9674,105,-180,0,-135,30,1,22,140,weld
09086f95,21ff29ab,weld,53,121.123,30.9452,105,-180,0,-135,30,1,22,140,weld
09086f95,21ff29ab,weld,54,120.979,29.923,105,-180,0,-135,30,1,22,140,weld
09086f95,21ff29ab,weld,55,120.583,28.9182,105,-180,0,-135,30,1,22,140,weld
09086f95,21ff29ab,weld,56,120.187,27.9134,105,-180,0,-135,30,1,22,140,weld
09086f95,21ff29ab,weld,57,119.79,26.9086,105,-180,0,-135,30,1,22,140,weld
09086f95,21ff29ab,weld,58,119.394,25.9037,105,-180,0,-135,30,1,22,140,weld
09086f95,21ff29ab,weld,59,117.832,25.2147,105,-180,0,-135,30,1,22,140,weld
09086f95,21ff29ab,weld,60,116.269,24.5257,105,-180,0,-135,30,1,22,140,weld
09086f95,21ff29ab,weld,61,114.707,23.8367,105,-180,0,-135,30,1,22,140,weld
09086f95,21ff29ab,weld,62,113.144,23.1477,105,-180,0,-135,30,1,22,140,weld
09086f95,21ff29ab,weld,63,110.709,22.6657,105,-180,0,-135,30,1,22,140,weld
09086f95,21ff29ab,weld,64,108.274,22.1838,105,-180,0,-135,30,1,22,140,weld
09086f95,21ff29ab,weld,65,105.84,21.7019,105,-180,0,-135,30,1,22,140,weld
09086f95,21ff29ab,weld,66,103.758,21.6574,105,-180,0,-135,30,1,22,140,weld
09086f95,21ff29ab,weld,67,101.677,21.6129,105,-180,0,-135,30,1,22,140,weld
09086f95,21ff29ab,weld,68,99.5952,21.5683,105,-180,0,-135,30,1,22,140,weld
09086f95,21ff29ab,weld,69,97.5138,21.5238,105,-180,0,-135,30,1,22,140,weld
09086f95,21ff29ab,weld,70,95.4324,21.4793,105,-180,0,-135,30,1,22,140,weld
09086f95,21ff29ab,weld,71,93.3509,21.4348,105,-180,0,-135,30,1,22,140,weld
09086f95,21ff29ab,weld,72,91.2695,21.3903,105,-180,0,-135,30,1,22,140,weld
09086f95,21ff29ab,weld,73,89.1881,21.3458,105,-180,0,-135,30,1,22,140,weld
09086f95,21ff29ab,weld,74,87.1066,21.3013,105,-180,0,-135,30,1,22,140,weld
09086f95,21ff29ab,weld,75,85.0252,21.2568,105,-180,0,-135,30,1,22,140,weld
09086f95,21ff29ab,weld,76,82.9438,21.2123,105,-180,0,-135,30,1,22,140,weld
09086f95,21ff29ab,weld,77,80.8624,21.1678,105,-180,0,-135,30,1,22,140,weld
09086f95,21ff29ab,weld,78,78.7809,21.1233,105,-180,0,-135,30,1,22,140,weld
09086f95,21ff29ab,weld,79,76.6995,21.0788,105,-180,0,-135,30,1,22,140,weld
09086f95,21ff29ab,weld,80,74.6181,21.0343,105,-180,0,-135,30,1,22,140,weld
09086f95,21ff29ab,weld,81,72.5366,20.9897,105,-180,0,-135,30,1,22,140,weld
09086f95,21ff29ab,weld,82,70.4552,20.9452,105,-180,0,-135,30,1,22,140,weld
09086f95,21ff29ab,weld,83,68.3738,20.9007,105,-180,0,-135,30,1,22,140,weld
09086f95,21ff29ab,weld,84,66.2923,20.8562,105,-180,0,-135,30,1,22,140,weld
09086f95,21ff29ab,weld,85,64.2109,20.8117,105,-180,0,-135,30,1,22,140,weld
cbca12c8,21ff29ab,overlap,0,64,20.8333,105,-180,0,-135,30,1,22,140,overlap
cbca12c8,21ff29ab,overlap,1,64.016,21.875,105,-180,0,-135,30,1,22,140,overlap
cbca12c8,21ff29ab,overlap,2,64.0321,22.9166,105,-180,0,-135,30,1,22,140,overlap
cbca12c8,21ff29ab,overlap,3,64.0481,23.9582,105,-180,0,-135,30,1,22,140,overlap
cbca12c8,21ff29ab,overlap,4,64.0641,24.9999,105,-180,0,-135,30,1,22,140,overlap
cbca12c8,21ff29ab,overlap,5,64.0801,26.0415,105,-180,0,-135,30,1,22,140,overlap
41a43e8f,21ff29ab,lead_out,0,64.2109,20.8117,105,-180,0,-135,30,1,22,140,lead_out
41a43e8f,21ff29ab,lead_out,1,63.711,20.801,105,-180,0,-135,30,1,22,140,lead_out
41a43e8f,21ff29ab,lead_out,2,63.2111,20.7903,105,-180,0,-135,30,1,22,140,lead_out
41a43e8f,21ff29ab,lead_out,3,62.7112,20.7796,105,-180,0,-135,30,1,22,140,lead_out
41a43e8f,21ff29ab,lead_out,4,62.2114,20.769,105,-180,0,-135,30,1,22,140,lead_out
41a43e8f,21ff29ab,lead_out,5,61.7115,20.7583,105,-180,0,-135,30,1,22,140,lead_out
41a43e8f,21ff29ab,lead_out,6,61.2116,20.7476,105,-180,0,-135,30,1,22,140,lead_out
5173c720,21ff29ab,retreat,0,64,20.8333,115,-180,0,-135,80,0,0,0,retreat
5173c720,21ff29ab,retreat,1,64,20.8333,115,-180,0,-135,80,0,0,0,retreat
7b6a2f3f,cadc733f,travel,0,44.6667,12.5,115,-180,0,-135,80,0,0,0,travel
7b6a2f3f,cadc733f,travel,1,44.6667,12.5,115,-180,0,-135,80,0,0,0,travel
725e3377,cadc733f,lead_in,0,44.6667,12.5,105,-180,0,-135,30,1,22,140,lead_in
725e3377,cadc733f,lead_in,1,44.6575,12.0001,105,-180,0,-135,30,1,22,140,lead_in
725e3377,cadc733f,lead_in,2,44.6483,11.5002,105,-180,0,-135,30,1,22,140,lead_in
725e3377,cadc733f,lead_in,3,44.6391,11.0003,105,-180,0,-135,30,1,22,140,lead_in
725e3377,cadc733f,lead_in,4,44.63,10.5003,105,-180,0,-135,30,1,22,140,lead_in
725e3377,cadc733f,lead_in,5,44.6208,10.0004,105,-180,0,-135,30,1,22,140,lead_in
725e3377,cadc733f,lead_in,6,44.6116,9.5005,105,-180,0,-135,30,1,22,140,lead_in
d6eef9f6,cadc733f,weld,0,44.6667,12.5,105,-180,0,-135,30,1,22,140,weld
d6eef9f6,cadc733f,weld,1,44.6858,13.5416,105,-180,0,-135,30,1,22,140,weld
d6eef9f6,cadc733f,weld,2,44.7049,14.5832,105,-180,0,-135,30,1,22,140,weld
d6eef9f6,cadc733f,weld,3,44.724,15.6249,105,-180,0,-135,30,1,22,140,weld
d6eef9f6,cadc733f,weld,4,44.7431,16.6665,105,-180,0,-135,30,1,22,140,weld
d6eef9f6,cadc733f,weld,5,44.7622,17.7081,105,-180,0,-135,30,1,22,140,weld
d6eef9f6,cadc733f,weld,6,44.7813,18.7497,105,-180,0,-135,30,1,22,140,weld
d6eef9f6,cadc733f,weld,7,44.8005,19.7914,105,-180,0,-135,30,1,22,140,weld
d6eef9f6,cadc733f,weld,8,44.8196,20.833,105,-180,0,-135,30,1,22,140,weld
d6eef9f6,cadc733f,weld,9,44.8387,21.8746,105,-180,0,-135,30,1,22,140,weld
d6eef9f6,cadc733f,weld,10,44.8578,22.9162,105,-180,0,-135,30,1,22,140,weld
d6eef9f6,cadc733f,weld,11,44.8769,23.9579,105,-180,0,-135,30,1,22,140,weld
d6eef9f6,cadc733f,weld,12,44.896,24.9995,105,-180,0,-135,30,1,22,140,weld
d6eef9f6,cadc733f,weld,13,44.9151,26.0411,105,-180,0,-135,30,1,22,140,weld
d6eef9f6,cadc733f,weld,14,44.9342,27.0827,105,-180,0,-135,30,1,22,140,weld
d6eef9f6,cadc733f,weld,15,44.9534,28.1243,105,-180,0,-135,30,1,22,140,weld
d6eef9f6,cadc733f,weld,16,44.9725,29.166,105,-180,0,-135,30,1,22,140,weld
d6eef9f6,cadc733f,weld,17,44.9916,30.2076,105,-180,0,-135,30,1,22,140,weld
d6eef9f6,cadc733f,weld,18,45.0107,31.2492,105,-180,0,-135,30,1,22,140,weld
d6eef9f6,cadc733f,weld,19,45.0298,32.2908,105,-180,0,-135,30,1,22,140,weld
d6eef9f6,cadc733f,weld,20,45.0489,33.3325,105,-180,0,-135,30,1,22,140,weld
d6eef9f6,cadc733f,weld,21,45.068,34.3741,105,-180,0,-135,30,1,22,140,weld
d6eef9f6,cadc733f,weld,22,45.0871,35.4157,105,-180,0,-135,30,1,22,140,weld
d6eef9f6,cadc733f,weld,23,45.1063,36.4573,105,-180,0,-135,30,1,22,140,weld
d6eef9f6,cadc733f,weld,24,45.1254,37.4989,105,-180,0,-135,30,1,22,140,weld
d6eef9f6,cadc733f,weld,25,45.1445,38.5406,105,-180,0,-135,30,1,22,140,weld
d6eef9f6,cadc733f,weld,26,45.1636,39.5822,105,-180,0,-135,30,1,22,140,weld
d6eef9f6,cadc733f,weld,27,45.1827,40.6238,105,-180,0,-135,30,1,22,140,weld
d6eef9f6,cadc733f,weld,28,45.2018,41.6654,105,-180,0,-135,30,1,22,140,weld
d6eef9f6,cadc733f,weld,29,45.2209,42.7071,105,-180,0,-135,30,1,22,140,weld
d6eef9f6,cadc733f,weld,30,45.24,43.7487,105,-180,0,-135,30,1,22,140,weld
d6eef9f6,cadc733f,weld,31,45.2591,44.7903,105,-180,0,-135,30,1,22,140,weld
d6eef9f6,cadc733f,weld,32,45.2783,45.8319,105,-180,0,-135,30,1,22,140,weld
d6eef9f6,cadc733f,weld,33,45.2974,46.8736,105,-180,0,-135,30,1,22,140,weld
d6eef9f6,cadc733f,weld,34,45.3165,47.9152,105,-180,0,-135,30,1,22,140,weld
d6eef9f6,cadc733f,weld,35,45.3356,48.9568,105,-180,0,-135,30,1,22,140,weld
d6eef9f6,cadc733f,weld,36,45.3547,49.9984,105,-180,0,-135,30,1,22,140,weld
d6eef9f6,cadc733f,weld,37,45.3738,51.04,105,-180,0,-135,30,1,22,140,weld
d6eef9f6,cadc733f,weld,38,45.3929,52.0817,105,-180,0,-135,30,1,22,140,weld
d6eef9f6,cadc733f,weld,39,45.412,53.1233,105,-180,0,-135,30,1,22,140,weld
d6eef9f6,cadc733f,weld,40,45.4312,54.1649,105,-180,0,-135,30,1,22,140,weld
d6eef9f6,cadc733f,weld,41,45.4503,55.2065,105,-180,0,-135,30,1,22,140,weld
d6eef9f6,cadc733f,weld,42,45.4694,56.2482,105,-180,0,-135,30,1,22,140,weld
d6eef9f6,cadc733f,weld,43,45.4885,57.2898,105,-180,0,-135,30,1,22,140,weld
d6eef9f6,cadc733f,weld,44,45.5076,58.3314,105,-180,0,-135,30,1,22,140,weld
d6eef9f6,cadc733f,weld,45,45.5267,59.373,105,-180,0,-135,30,1,22,140,weld
d6eef9f6,cadc733f,weld,46,45.5458,60.4147,105,-180,0,-135,30,1,22,140,weld
d6eef9f6,cadc733f,weld,47,45.5649,61.4563,105,-180,0,-135,30,1,22,140,weld
d6eef9f6,cadc733f,weld,48,45.5841,62.4979,105,-180,0,-135,30,1,22,140,weld
d6eef9f6,cadc733f,weld,49,45.6032,63.5395,105,-180,0,-135,30,1,22,140,weld
d6eef9f6,cadc733f,weld,50,45.6223,64.5811,105,-180,0,-135,30,1,22,140,weld
d6eef9f6,cadc733f,weld,51,45.6414,65.6228,105,-180,0,-135,30,1,22,140,weld
d6eef9f6,cadc733f,weld,52,45.6605,66.6644,105,-180,0,-135,30,1,22,140,weld
d6eef9f6,cadc733f,weld,53,45.6796,67.706,105,-180,0,-135,30,1,22,140,weld
d6eef9f6,cadc733f,weld,54,45.6987,68.7476,105,-180,0,-135,30,1,22,140,weld
d6eef9f6,cadc733f,weld,55,45.7178,69.7893,105,-180,0,-135,30,1,22,140,weld
d6eef9f6,cadc733f,weld,56,45.737,70.8309,105,-180,0,-135,30,1,22,140,weld
d6eef9f6,cadc733f,weld,57,45.7561,71.8725,105,-180,0,-135,30,1,22,140,weld
d6eef9f6,cadc733f,weld,58,45.7752,72.9141,105,-180,0,-135,30,1,22,140,weld
d6eef9f6,cadc733f,weld,59,45.7943,73.9557,105,-180,0,-135,30,1,22,140,weld
d6eef9f6,cadc733f,weld,60,45.8134,74.9974,105,-180,0,-135,30,1,22,140,weld
d6eef9f6,cadc733f,weld,61,45.8325,76.039,105,-180,0,-135,30,1,22,140,weld
d6eef9f6,cadc733f,weld,62,45.8516,77.0806,105,-180,0,-135,30,1,22,140,weld
d6eef9f6,cadc733f,weld,63,45.8707,78.1222,105,-180,0,-135,30,1,22,140,weld
d6eef9f6,cadc733f,weld,64,45.8899,79.1639,105,-180,0,-135,30,1,22,140,weld
d6eef9f6,cadc733f,weld,65,45.909,80.2055,105,-180,0,-135,30,1,22,140,weld
d6eef9f6,cadc733f,weld,66,45.9281,81.2471,105,-180,0,-135,30,1,22,140,weld
d6eef9f6,cadc733f,weld,67,45.9472,82.2887,105,-180,0,-135,30,1,22,140,weld
d6eef9f6,cadc733f,weld,68,45.9663,83.3304,105,-180,0,-135,30,1,22,140,weld
d6eef9f6,cadc733f,weld,69,47.5311,83.9425,105,-180,0,-135,30,1,22,140,weld
d6eef9f6,cadc733f,weld,70,49.0958,84.5546,105,-180,0,-135,30,1,22,140,weld
d6eef9f6,cadc733f,weld,71,50.6606,85.1667,105,-180,0,-135,30,1,22,140,weld
d6eef9f6,cadc733f,weld,72,52.7439,85.1667,105,-180,0,-135,30,1,22,140,weld
d6eef9f6,cadc733f,weld,73,54.8272,85.1667,105,-180,0,-135,30,1,22,140,weld
d6eef9f6,cadc733f,weld,74,56.9106,85.1667,105,-180,0,-135,30,1,22,140,weld
d6eef9f6,cadc733f,weld,75,58.9939,85.1667,105,-180,0,-135,30,1,22,140,weld
d6eef9f6,cadc733f,weld,76,61.0772,85.1667,105,-180,0,-135,30,1,22,140,weld
d6eef9f6,cadc733f,weld,77,63.1606,85.1667,105,-180,0,-135,30,1,22,140,weld
d6eef9f6,cadc733f,weld,78,65.2439,85.1667,105,-180,0,-135,30,1,22,140,weld
d6eef9f6,cadc733f,weld,79,67.3272,85.1667,105,-180,0,-135,30,1,22,140,weld
d6eef9f6,cadc733f,weld,80,69.4106,85.1667,105,-180,0,-135,30,1,22,140,weld
d6eef9f6,cadc733f,weld,81,71.4939,85.1667,105,-180,0,-135,30,1,22,140,weld
d6eef9f6,cadc733f,weld,82,73.5772,85.1667,105,-180,0,-135,30,1,22,140,weld
d6eef9f6,cadc733f,weld,83,75.6606,85.1667,105,-180,0,-135,30,1,22,140,weld
d6eef9f6,cadc733f,weld,84,77.7439,85.1667,105,-180,0,-135,30,1,22,140,weld
d6eef9f6,cadc733f,weld,85,79.8272,85.1667,105,-180,0,-135,30,1,22,140,weld
d6eef9f6,cadc733f,weld,86,81.9106,85.1667,105,-180,0,-135,30,1,22,140,weld
d6eef9f6,cadc733f,weld,87,83.9939,85.1667,105,-180,0,-135,30,1,22,140,weld
d6eef9f6,cadc733f,weld,88,86.0772,85.1667,105,-180,0,-135,30,1,22,140,weld
d6eef9f6,cadc733f,weld,89,88.1606,85.1667,105,-180,0,-135,30,1,22,140,weld
d6eef9f6,cadc733f,weld,90,90.2439,85.1667,105,-180,0,-135,30,1,22,140,weld
d6eef9f6,cadc733f,weld,91,92.3272,85.1667,105,-180,0,-135,30,1,22,140,weld
d6eef9f6,cadc733f,weld,92,94.4106,85.1667,105,-180,0,-135,30,1,22,140,weld
d6eef9f6,cadc733f,weld,93,96.4939,85.1667,105,-180,0,-135,30,1,22,140,weld
d6eef9f6,cadc733f,weld,94,98.5772,85.1667,105,-180,0,-135,30,1,22,140,weld
d6eef9f6,cadc733f,weld,95,100.661,85.1667,105,-180,0,-135,30,1,22,140,weld
d6eef9f6,cadc733f,weld,96,102.715,85.016,105,-180,0,-135,30,1,22,140,weld
d6eef9f6,cadc733f,weld,97,104.769,84.8653,105,-180,0,-135,30,1,22,140,weld
d6eef9f6,cadc733f,weld,98,106.824,84.7145,105,-180,0,-135,30,1,22,140,weld
d6eef9f6,cadc733f,weld,99,108.878,84.5638,105,-180,0,-135,30,1,22,140,weld
d6eef9f6,cadc733f,weld,100,110.923,84.3654,105,-180,0,-135,30,1,22,140,weld
d6eef9f6,cadc733f,weld,101,112.968,84.1669,105,-180,0,-135,30,1,22,140,weld
d6eef9f6,cadc733f,weld,102,115.013,83.9684,105,-180,0,-135,30,1,22,140,weld
d6eef9f6,cadc733f,weld,103,117.059,83.7699,105,-180,0,-135,30,1,22,140,weld
d6eef9f6,cadc733f,weld,104,118.975,83.4218,105,-180,0,-135,30,1,22,140,weld
d6eef9f6,cadc733f,weld,105,120.891,83.0738,105,-180,0,-135,30,1,22,140,weld
d6eef9f6,cadc733f,weld,106,122.807,82.7258,105,-180,0,-135,30,1,22,140,weld
d6eef9f6,cadc733f,weld,107,124.723,82.3777,105,-180,0,-135,30,1,22,140,weld
d6eef9f6,cadc733f,weld,108,126.416,81.7704,105,-180,0,-135,30,1,22,140,weld
d6eef9f6,cadc733f,weld,109,128.109,81.1631,105,-180,0,-135,30,1,22,140,weld
d6eef9f6,cadc733f,weld,110,129.801,80.5557,105,-180,0,-135,30,1,22,140,weld
d6eef9f6,cadc733f,weld,111,131.494,79.9484,105,-180,0,-135,30,1,22,140,weld
d6eef9f6,cadc733f,weld,112,133.186,79.3411,105,-180,0,-135,30,1,22,140,weld
d6eef9f6,cadc733f,weld,113,134.879,78.7337,105,-180,0,-135,30,1,22,140,weld
d6eef9f6,cadc733f,weld,114,136.572,78.1264,105,-180,0,-135,30,1,22,140,weld
d6eef9f6,cadc733f,weld,115,138.264,77.5191,105,-180,0,-135,30,1,22,140,weld
d6eef9f6,cadc733f,weld,116,139.681,76.3997,105,-180,0,-135,30,1,22,140,weld
d6eef9f6,cadc733f,weld,117,141.098,75.2803,105,-180,0,-135,30,1,22,140,weld
d6eef9f6,cadc733f,weld,118,142.515,74.1609,105,-180,0,-135,30,1,22,140,weld
d6eef9f6,cadc733f,weld,119,143.175,73.1729,105,-180,0,-135,30,1,22,140,weld
d6eef9f6,cadc733f,weld,120,143.836,72.185,105,-180,0,-135,30,1,22,140,weld
d6eef9f6,cadc733f,weld,121,144.496,71.197,105,-180,0,-135,30,1,22,140,weld
d6eef9f6,cadc733f,weld,122,145.156,70.209,105,-180,0,-135,30,1,22,140,weld
d6eef9f6,cadc733f,weld,123,145.777,69.2185,105,-180,0,-135,30,1,22,140,weld
d6eef9f6,cadc733f,weld,124,146.397,68.228,105,-180,0,-135,30,1,22,140,weld
d6eef9f6,cadc733f,weld,125,147.018,67.2375,105,-180,0,-135,30,1,22,140,weld
d6eef9f6,cadc733f,weld,126,147.639,66.2469,105,-180,0,-135,30,1,22,140,weld
d6eef9f6,cadc733f,weld,127,147.498,65.2077,105,-180,0,-135,30,1,22,140,weld
d6eef9f6,cadc733f,weld,128,147.357,64.1684,105,-180,0,-135,30,1,22,140,weld
d6eef9f6,cadc733f,weld,129,147.216,63.1291,105,-180,0,-135,30,1,22,140,weld
d6eef9f6,cadc733f,weld,130,147.075,62.0898,105,-180,0,-135,30,1,22,140,weld
d6eef9f6,cadc733f,weld,131,146.612,61.0906,105,-180,0,-135,30,1,22,140,weld
d6eef9f6,cadc733f,weld,132,146.15,60.0914,105,-180,0,-135,30,1,22,140,weld
d6eef9f6,cadc733f,weld,133,145.687,59.0922,105,-180,0,-135,30,1,22,140,weld
d6eef9f6,cadc733f,weld,134,145.224,58.0931,105,-180,0,-135,30,1,22,140,weld
d6eef9f6,cadc733f,weld,135,144.373,57.1421,105,-180,0,-135,30,1,22,140,weld
d6eef9f6,cadc733f,weld,136,143.523,56.1911,105,-180,0,-135,30,1,22,140,weld
d6eef9f6,cadc733f,weld,137,142.673,55.2401,105,-180,0,-135,30,1,22,140,weld
d6eef9f6,cadc733f,weld,138,141.823,54.2891,105,-180,0,-135,30,1,22,140,weld
d6eef9f6,cadc733f,weld,139,139.895,53.3606,105,-180,0,-135,30,1,22,140,weld
d6eef9f6,cadc733f,weld,140,137.967,52.4321,105,-180,0,-135,30,1,22,140,weld
d6eef9f6,cadc733f,weld,141,136.039,51.5036,105,-180,0,-135,30,1,22,140,weld
d6eef9f6,cadc733f,weld,142,134.292,50.9354,105,-180,0,-135,30,1,22,140,weld
d6eef9f6,cadc733f,weld,143,132.546,50.3672,105,-180,0,-135,30,1,22,140,weld
d6eef9f6,cadc733f,weld,144,130.8,49.7991,105,-180,0,-135,30,1,22,140,weld
d6eef9f6,cadc733f,weld,145,129.054,49.2309,105,-180,0,-135,30,1,22,140,weld
d6eef9f6,cadc733f,weld,146,127.308,48.6627,105,-180,0,-135,30,1,22,140,weld
d6eef9f6,cadc733f,weld,147,125.562,48.0945,105,-180,0,-135,30,1,22,140,weld
d6eef9f6,cadc733f,weld,148,123.816,47.5263,105,-180,0,-135,30,1,22,140,weld
d6eef9f6,cadc733f,weld,149,122.07,46.9581,105,-180,0,-135,30,1,22,140,weld
d6eef9f6,cadc733f,weld,150,121.889,45.9673,105,-180,0,-135,30,1,22,140,weld
d6eef9f6,cadc733f,weld,151,121.708,44.9765,105,-180,0,-135,30,1,22,140,weld
d6eef9f6,cadc733f,weld,152,123.626,44.5693,105,-180,0,-135,30,1,22,140,weld
d6eef9f6,cadc733f,weld,153,125.543,44.1622,105,-180,0,-135,30,1,22,140,weld
d6eef9f6,cadc733f,weld,154,127.461,43.755,105,-180,0,-135,30,1,22,140,weld
d6eef9f6,cadc733f,weld,155,129.379,43.3479,105,-180,0,-135,30,1,22,140,weld
d6eef9f6,cadc733f,weld,156,131.19,42.3714,105,-180,0,-135,30,1,22,140,weld
d6eef9f6,cadc733f,weld,157,133.001,41.395,105,-180,0,-135,30,1,22,140,weld
d6eef9f6,cadc733f,weld,158,134.813,40.4185,105,-180,0,-135,30,1,22,140,weld
d6eef9f6,cadc733f,weld,159,135.906,39.5317,105,-180,0,-135,30,1,22,140,weld
d6eef9f6,cadc733f,weld,160,136.999,38.6449,105,-180,0,-135,30,1,22,140,weld
d6eef9f6,cadc733f,weld,161,138.092,37.7581,105,-180,0,-135,30,1,22,140,weld
d6eef9f6,cadc733f,weld,162,139.185,36.8713,105,-180,0,-135,30,1,22,140,weld
d6eef9f6,cadc733f,weld,163,139.552,35.8747,105,-180,0,-135,30,1,22,140,weld
d6eef9f6,cadc733f,weld,164,139.92,34.8781,105,-180,0,-135,30,1,22,140,weld
d6eef9f6,cadc733f,weld,165,140.287,33.8815,105,-180,0,-135,30,1,22,140,weld
d6eef9f6,cadc733f,weld,166,140.654,32.8849,105,-180,0,-135,30,1,22,140,weld
d6eef9f6,cadc733f,weld,167,140.728,31.8439,105,-180,0,-135,30,1,22,140,weld
d6eef9f6,cadc733f,weld,168,140.802,30.8029,105,-180,0,-135,30,1,22,140,weld
d6eef9f6,cadc733f,weld,169,140.876,29.7619,105,-180,0,-135,30,1,22,140,weld
d6eef9f6,cadc733f,weld,170,140.95,28.7208,105,-180,0,-135,30,1,22,140,weld
d6eef9f6,cadc733f,weld,171,140.525,27.7299,105,-180,0,-135,30,1,22,140,weld
d6eef9f6,cadc733f,weld,172,140.1,26.739,105,-180,0,-135,30,1,22,140,weld
d6eef9f6,cadc733f,weld,173,139.675,25.748,105,-180,0,-135,30,1,22,140,weld
d6eef9f6,cadc733f,weld,174,139.25,24.7571,105,-180,0,-135,30,1,22,140,weld
d6eef9f6,cadc733f,weld,175,138.378,23.8108,105,-180,0,-135,30,1,22,140,weld
d6eef9f6,cadc733f,weld,176,137.507,22.8646,105,-180,0,-135,30,1,22,140,weld
d6eef9f6,cadc733f,weld,177,136.636,21.9184,105,-180,0,-135,30,1,22,140,weld
d6eef9f6,cadc733f,weld,178,135.765,20.9721,105,-180,0,-135,30,1,22,140,weld
d6eef9f6,cadc733f,weld,179,134.46,20.1999,105,-180,0,-135,30,1,22,140,weld
d6eef9f6,cadc733f,weld,180,133.156,19.4277,105,-180,0,-135,30,1,22,140,weld
d6eef9f6,cadc733f,weld,181,131.851,18.6555,105,-180,0,-135,30,1,22,140,weld
d6eef9f6,cadc733f,weld,182,130.546,17.8833,105,-180,0,-135,30,1,22,140,weld
d6eef9f6,cadc733f,weld,183,128.887,17.2533,105,-180,0,-135,30,1,22,140,weld
d6eef9f6,cadc733f,weld,184,127.228,16.6232,105,-180,0,-135,30,1,22,140,weld
d6eef9f6,cadc733f,weld,185,125.569,15.9932,105,-180,0,-135,30,1,22,140,weld
d6eef9f6,cadc733f,weld,186,123.91,15.3632,105,-180,0,-135,30,1,22,140,weld
d6eef9f6,cadc733f,weld,187,121.928,15.0503,105,-180,0,-135,30,1,22,140,weld
d6eef9f6,cadc733f,weld,188,119.946,14.7375,105,-180,0,-135,30,1,22,140,weld
d6eef9f6,cadc733f,weld,189,117.965,14.4247,105,-180,0,-135,30,1,22,140,weld
d6eef9f6,cadc733f,weld,190,115.983,14.1118,105,-180,0,-135,30,1,22,140,weld
d6eef9f6,cadc733f,weld,191,113.987,13.8127,105,-180,0,-135,30,1,22,140,weld
d6eef9f6,cadc733f,weld,192,111.992,13.5136,105,-180,0,-135,30,1,22,140,weld
d6eef9f6,cadc733f,weld,193,109.996,13.2145,105,-180,0,-135,30,1,22,140,weld
d6eef9f6,cadc733f,weld,194,108.001,12.9154,105,-180,0,-135,30,1,22,140,weld
d6eef9f6,cadc733f,weld,195,105.921,12.8929,105,-180,0,-135,30,1,22,140,weld
d6eef9f6,cadc733f,weld,196,103.84,12.8704,105,-180,0,-135,30,1,22,140,weld
d6eef9f6,cadc733f,weld,197,101.76,12.848,105,-180,0,-135,30,1,22,140,weld
d6eef9f6,cadc733f,weld,198,99.68,12.8255,105,-180,0,-135,30,1,22,140,weld
d6eef9f6,cadc733f,weld,199,97.5968,12.8128,105,-180,0,-135,30,1,22,140,weld
d6eef9f6,cadc733f,weld,200,95.5137,12.8002,105,-180,0,-135,30,1,22,140,weld
d6eef9f6,cadc733f,weld,201,93.4305,12.7875,105,-180,0,-135,30,1,22,140,weld
d6eef9f6,cadc733f,weld,202,91.3473,12.7749,105,-180,0,-135,30,1,22,140,weld
d6eef9f6,cadc733f,weld,203,89.2641,12.7622,105,-180,0,-135,30,1,22,140,weld
d6eef9f6,cadc733f,weld,204,87.1809,12.7496,105,-180,0,-135,30,1,22,140,weld
d6eef9f6,cadc733f,weld,205,85.0978,12.7369,105,-180,0,-135,30,1,22,140,weld
d6eef9f6,cadc733f,weld,206,83.0146,12.7242,105,-180,0,-135,30,1,22,140,weld
d6eef9f6,cadc733f,weld,207,80.9314,12.7116,105,-180,0,-135,30,1,22,140,weld
d6eef9f6,cadc733f,weld,208,78.8482,12.6989,105,-180,0,-135,30,1,22,140,weld
d6eef9f6,cadc733f,weld,209,76.765,12.6863,105,-180,0,-135,30,1,22,140,weld
d6eef9f6,cadc733f,weld,210,74.6819,12.6736,105,-180,0,-135,30,1,22,140,weld
d6eef9f6,cadc733f,weld,211,72.5987,12.661,105,-180,0,-135,30,1,22,140,weld
d6eef9f6,cadc733f,weld,212,70.5155,12.6483,105,-180,0,-135,30,1,22,140,weld
d6eef9f6,cadc733f,weld,213,68.4323,12.6357,105,-180,0,-135,30,1,22,140,weld
d6eef9f6,cadc733f,weld,214,66.3491,12.623,105,-180,0,-135,30,1,22,140,weld
d6eef9f6,cadc733f,weld,215,64.266,12.6103,105,-180,0,-135,30,1,22,140,weld
d6eef9f6,cadc733f,weld,216,62.1828,12.5977,105,-180,0,-135,30,1,22,140,weld
d6eef9f6,cadc733f,weld,217,60.0996,12.585,105,-180,0,-135,30,1,22,140,weld
d6eef9f6,cadc733f,weld,218,58.0164,12.5724,105,-180,0,-135,30,1,22,140,weld
d6eef9f6,cadc733f,weld,219,55.9332,12.5597,105,-180,0,-135,30,1,22,140,weld
d6eef9f6,cadc733f,weld,220,53.8501,12.5471,105,-180,0,-135,30,1,22,140,weld
d6eef9f6,cadc733f,weld,221,51.7669,12.5344,105,-180,0,-135,30,1,22,140,weld
d6eef9f6,cadc733f,weld,222,49.6837,12.5218,105,-180,0,-135,30,1,22,140,weld
16c508f8,cadc733f,overlap,0,44.6667,12.5,105,-180,0,-135,30,1,22,140,overlap
16c508f8,cadc733f,overlap,1,44.6858,13.5416,105,-180,0,-135,30,1,22,140,overlap
16c508f8,cadc733f,overlap,2,44.7049,14.5832,105,-180,0,-135,30,1,22,140,overlap
16c508f8,cadc733f,overlap,3,44.724,15.6249,105,-180,0,-135,30,1,22,140,overlap
16c508f8,cadc733f,overlap,4,44.7431,16.6665,105,-180,0,-135,30,1,22,140,overlap
16c508f8,cadc733f,overlap,5,44.7622,17.7081,105,-180,0,-135,30,1,22,140,overlap
28501a53,cadc733f,lead_out,0,49.6837,12.5218,105,-180,0,-135,30,1,22,140,lead_out
28501a53,cadc733f,lead_out,1,49.1837,12.5187,105,-180,0,-135,30,1,22,140,lead_out
28501a53,cadc733f,lead_out,2,48.6837,12.5157,105,-180,0,-135,30,1,22,140,lead_out
28501a53,cadc733f,lead_out,3,48.1837,12.5127,105,-180,0,-135,30,1,22,140,lead_out
28501a53,cadc733f,lead_out,4,47.6837,12.5096,105,-180,0,-135,30,1,22,140,lead_out
28501a53,cadc733f,lead_out,5,47.1837,12.5066,105,-180,0,-135,30,1,22,140,lead_out
28501a53,cadc733f,lead_out,6,46.6838,12.5035,105,-180,0,-135,30,1,22,140,lead_out
59a846cf,cadc733f,retreat,0,44.6667,12.5,115,-180,0,-135,80,0,0,0,retreat
59a846cf,cadc733f,retreat,1,44.6667,12.5,115,-180,0,-135,80,0,0,0,retreat
3ce7e9f5,478b5467,travel,0,64,50.6667,115,-180,0,-135,80,0,0,0,travel
3ce7e9f5,478b5467,travel,1,64,50.6667,115,-180,0,-135,80,0,0,0,travel
dffc0b89,478b5467,lead_in,0,64,50.6667,105,-180,0,-135,30,1,22,140,lead_in
dffc0b89,478b5467,lead_in,1,63.9874,50.1668,105,-180,0,-135,30,1,22,140,lead_in
dffc0b89,478b5467,lead_in,2,63.9749,49.667,105,-180,0,-135,30,1,22,140,lead_in
dffc0b89,478b5467,lead_in,3,63.9623,49.1671,105,-180,0,-135,30,1,22,140,lead_in
dffc0b89,478b5467,lead_in,4,63.9498,48.6673,105,-180,0,-135,30,1,22,140,lead_in
dffc0b89,478b5467,lead_in,5,63.9372,48.1675,105,-180,0,-135,30,1,22,140,lead_in
dffc0b89,478b5467,lead_in,6,63.9247,47.6676,105,-180,0,-135,30,1,22,140,lead_in
5751f3d5,478b5467,weld,0,64,50.6667,105,-180,0,-135,30,1,22,140,weld
5751f3d5,478b5467,weld,1,64.0262,51.7083,105,-180,0,-135,30,1,22,140,weld
5751f3d5,478b5467,weld,2,64.0523,52.7498,105,-180,0,-135,30,1,22,140,weld
5751f3d5,478b5467,weld,3,64.0785,53.7914,105,-180,0,-135,30,1,22,140,weld
5751f3d5,478b5467,weld,4,64.1046,54.833,105,-180,0,-135,30,1,22,140,weld
5751f3d5,478b5467,weld,5,64.1308,55.8746,105,-180,0,-135,30,1,22,140,weld
5751f3d5,478b5467,weld,6,64.157,56.9162,105,-180,0,-135,30,1,22,140,weld
5751f3d5,478b5467,weld,7,64.1831,57.9578,105,-180,0,-135,30,1,22,140,weld
5751f3d5,478b5467,weld,8,64.2093,58.9993,105,-180,0,-135,30,1,22,140,weld
5751f3d5,478b5467,weld,9,64.2355,60.0409,105,-180,0,-135,30,1,22,140,weld
5751f3d5,478b5467,weld,10,64.2616,61.0825,105,-180,0,-135,30,1,22,140,weld
5751f3d5,478b5467,weld,11,64.2878,62.1241,105,-180,0,-135,30,1,22,140,weld
5751f3d5,478b5467,weld,12,64.3139,63.1657,105,-180,0,-135,30,1,22,140,weld
5751f3d5,478b5467,weld,13,64.3401,64.2073,105,-180,0,-135,30,1,22,140,weld
5751f3d5,478b5467,weld,14,64.3663,65.2489,105,-180,0,-135,30,1,22,140,weld
5751f3d5,478b5467,weld,15,64.3924,66.2904,105,-180,0,-135,30,1,22,140,weld
5751f3d5,478b5467,weld,16,64.4186,67.332,105,-180,0,-135,30,1,22,140,weld
5751f3d5,478b5467,weld,17,64.4448,68.3736,105,-180,0,-135,30,1,22,140,weld
5751f3d5,478b5467,weld,18,64.4709,69.4152,105,-180,0,-135,30,1,22,140,weld
5751f3d5,478b5467,weld,19,64.4971,70.4568,105,-180,0,-135,30,1,22,140,weld
5751f3d5,478b5467,weld,20,64.5232,71.4984,105,-180,0,-135,30,1,22,140,weld
5751f3d5,478b5467,weld,21,64.5494,72.5399,105,-180,0,-135,30,1,22,140,weld
5751f3d5,478b5467,weld,22,64.5756,73.5815,105,-180,0,-135,30,1,22,140,weld
5751f3d5,478b5467,weld,23,64.6017,74.6231,105,-180,0,-135,30,1,22,140,weld
5751f3d5,478b5467,weld,24,64.6279,75.6647,105,-180,0,-135,30,1,22,140,weld
5751f3d5,478b5467,weld,25,66.4153,76.1281,105,-180,0,-135,30,1,22,140,weld
5751f3d5,478b5467,weld,26,68.2027,76.5915,105,-180,0,-135,30,1,22,140,weld
5751f3d5,478b5467,weld,27,69.9901,77.0549,105,-180,0,-135,30,1,22,140,weld
5751f3d5,478b5467,weld,28,72.0716,77.0112,105,-180,0,-135,30,1,22,140,weld
5751f3d5,478b5467,weld,29,74.1531,76.9676,105,-180,0,-135,30,1,22,140,weld
5751f3d5,478b5467,weld,30,76.2346,76.9239,105,-180,0,-135,30,1,22,140,weld
5751f3d5,478b5467,weld,31,78.3161,76.8802,105,-180,0,-135,30,1,22,140,weld
5751f3d5,478b5467,weld,32,80.3976,76.8365,105,-180,0,-135,30,1,22,140,weld
5751f3d5,478b5467,weld,33,82.4791,76.7928,105,-180,0,-135,30,1,22,140,weld
5751f3d5,478b5467,weld,34,84.5606,76.7491,105,-180,0,-135,30,1,22,140,weld
5751f3d5,478b5467,weld,35,86.6421,76.7055,105,-180,0,-135,30,1,22,140,weld
5751f3d5,478b5467,weld,36,88.7236,76.6618,105,-180,0,-135,30,1,22,140,weld
5751f3d5,478b5467,weld,37,90.8051,76.6181,105,-180,0,-135,30,1,22,140,weld
5751f3d5,478b5467,weld,38,92.8866,76.5744,105,-180,0,-135,30,1,22,140,weld
5751f3d5,478b5467,weld,39,94.9681,76.5307,105,-180,0,-135,30,1,22,140,weld
5751f3d5,478b5467,weld,40,97.0496,76.487,105,-180,0,-135,30,1,22,140,weld
5751f3d5,478b5467,weld,41,99.1311,76.4434,105,-180,0,-135,30,1,22,140,weld
5751f3d5,478b5467,weld,42,101.213,76.3997,105,-180,0,-135,30,1,22,140,weld
5751f3d5,478b5467,weld,43,103.294,76.356,105,-180,0,-135,30,1,22,140,weld
5751f3d5,478b5467,weld,44,105.352,76.2789,105,-180,0,-135,30,1,22,140,weld
5751f3d5,478b5467,weld,45,107.41,76.2019,105,-180,0,-135,30,1,22,140,weld
5751f3d5,478b5467,weld,46,109.468,76.1248,105,-180,0,-135,30,1,22,140,weld
5751f3d5,478b5467,weld,47,111.526,76.0478,105,-180,0,-135,30,1,22,140,weld
5751f3d5,478b5467,weld,48,113.205,75.4311,105,-180,0,-135,30,1,22,140,weld
5751f3d5,478b5467,weld,49,114.885,74.8145,105,-180,0,-135,30,1,22,140,weld
5751f3d5,478b5467,weld,50,116.564,74.1979,105,-180,0,-135,30,1,22,140,weld
5751f3d5,478b5467,weld,51,118.243,73.5812,105,-180,0,-135,30,1,22,140,weld
5751f3d5,478b5467,weld,52,120.064,72.6113,105,-180,0,-135,30,1,22,140,weld
5751f3d5,478b5467,weld,53,121.886,71.6413,105,-180,0,-135,30,1,22,140,weld
5751f3d5,478b5467,weld,54,123.708,70.6713,105,-180,0,-135,30,1,22,140,weld
5751f3d5,478b5467,weld,55,124.315,69.6749,105,-180,0,-135,30,1,22,140,weld
5751f3d5,478b5467,weld,56,124.923,68.6785,105,-180,0,-135,30,1,22,140,weld
5751f3d5,478b5467,weld,57,125.53,67.6821,105,-180,0,-135,30,1,22,140,weld
5751f3d5,478b5467,weld,58,126.138,66.6857,105,-180,0,-135,30,1,22,140,weld
5751f3d5,478b5467,weld,59,126.238,65.6751,105,-180,0,-135,30,1,22,140,weld
5751f3d5,478b5467,weld,60,126.339,64.6645,105,-180,0,-135,30,1,22,140,weld
5751f3d5,478b5467,weld,61,126.44,63.6539,105,-180,0,-135,30,1,22,140,weld
5751f3d5,478b5467,weld,62,126.54,62.6433,105,-180,0,-135,30,1,22,140,weld
5751f3d5,478b5467,weld,63,126.16,61.6191,105,-180,0,-135,30,1,22,140,weld
5751f3d5,478b5467,weld,64,125.779,60.595,105,-180,0,-135,30,1,22,140,weld
5751f3d5,478b5467,weld,65,125.398,59.5709,105,-180,0,-135,30,1,22,140,weld
5751f3d5,478b5467,weld,66,125.017,58.5468,105,-180,0,-135,30,1,22,140,weld
5751f3d5,478b5467,weld,67,123.675,57.4154,105,-180,0,-135,30,1,22,140,weld
5751f3d5,478b5467,weld,68,122.333,56.2839,105,-180,0,-135,30,1,22,140,weld
5751f3d5,478b5467,weld,69,120.991,55.1525,105,-180,0,-135,30,1,22,140,weld
5751f3d5,478b5467,weld,70,119.442,54.4564,105,-180,0,-135,30,1,22,140,weld
5751f3d5,478b5467,weld,71,117.892,53.7603,105,-180,0,-135,30,1,22,140,weld
5751f3d5,478b5467,weld,72,116.342,53.0642,105,-180,0,-135,30,1,22,140,weld
5751f3d5,478b5467,weld,73,114.792,52.3681,105,-180,0,-135,30,1,22,140,weld
5751f3d5,478b5467,weld,74,112.866,52.0406,105,-180,0,-135,30,1,22,140,weld
5751f3d5,478b5467,weld,75,110.94,51.7131,105,-180,0,-135,30,1,22,140,weld
5751f3d5,478b5467,weld,76,109.013,51.3856,105,-180,0,-135,30,1,22,140,weld
5751f3d5,478b5467,weld,77,107.087,51.0581,105,-180,0,-135,30,1,22,140,weld
5751f3d5,478b5467,weld,78,105.042,50.881,105,-180,0,-135,30,1,22,140,weld
5751f3d5,478b5467,weld,79,102.997,50.704,105,-180,0,-135,30,1,22,140,weld
5751f3d5,478b5467,weld,80,100.952,50.5269,105,-180,0,-135,30,1,22,140,weld
5751f3d5,478b5467,weld,81,98.9076,50.3498,105,-180,0,-135,30,1,22,140,weld
5751f3d5,478b5467,weld,82,96.8245,50.3667,105,-180,0,-135,30,1,22,140,weld
5751f3d5,478b5467,weld,83,94.7414,50.3837,105,-180,0,-135,30,1,22,140,weld
5751f3d5,478b5467,weld,84,92.6584,50.4006,105,-180,0,-135,30,1,22,140,weld
5751f3d5,478b5467,weld,85,90.5753,50.4175,105,-180,0,-135,30,1,22,140,weld
5751f3d5,478b5467,weld,86,88.4923,50.4345,105,-180,0,-135,30,1,22,140,weld
5751f3d5,478b5467,weld,87,86.4092,50.4514,105,-180,0,-135,30,1,22,140,weld
5751f3d5,478b5467,weld,88,84.3262,50.4683,105,-180,0,-135,30,1,22,140,weld
5751f3d5,478b5467,weld,89,82.2431,50.4853,105,-180,0,-135,30,1,22,140,weld
5751f3d5,478b5467,weld,90,80.16,50.5022,105,-180,0,-135,30,1,22,140,weld
5751f3d5,478b5467,weld,91,78.077,50.5191,105,-180,0,-135,30,1,22,140,weld
5751f3d5,478b5467,weld,92,75.9939,50.536,105,-180,0,-135,30,1,22,140,weld
5751f3d5,478b5467,weld,93,73.9109,50.553,105,-180,0,-135,30,1,22,140,weld
5751f3d5,478b5467,weld,94,71.8278,50.5699,105,-180,0,-135,30,1,22,140,weld
5751f3d5,478b5467,weld,95,69.7447,50.5868,105,-180,0,-135,30,1,22,140,weld
5751f3d5,478b5467,weld,96,67.6617,50.6038,105,-180,0,-135,30,1,22,140,weld
5751f3d5,478b5467,weld,97,65.5786,50.6207,105,-180,0,-135,30,1,22,140,weld
8375d92e,478b5467,overlap,0,64,50.6667,105,-180,0,-135,30,1,22,140,overlap
8375d92e,478b5467,overlap,1,64.0262,51.7083,105,-180,0,-135,30,1,22,140,overlap
8375d92e,478b5467,overlap,2,64.0523,52.7498,105,-180,0,-135,30,1,22,140,overlap
8375d92e,478b5467,overlap,3,64.0785,53.7914,105,-180,0,-135,30,1,22,140,overlap
8375d92e,478b5467,overlap,4,64.1046,54.833,105,-180,0,-135,30,1,22,140,overlap
8375d92e,478b5467,overlap,5,64.1308,55.8746,105,-180,0,-135,30,1,22,140,overlap
4fc147fd,478b5467,lead_out,0,65.5786,50.6207,105,-180,0,-135,30,1,22,140,lead_out
4fc147fd,478b5467,lead_out,1,65.0786,50.6248,105,-180,0,-135,30,1,22,140,lead_out
4fc147fd,478b5467,lead_out,2,64.5787,50.6288,105,-180,0,-135,30,1,22,140,lead_out
4fc147fd,478b5467,lead_out,3,64.0787,50.6329,105,-180,0,-135,30,1,22,140,lead_out
4fc147fd,478b5467,lead_out,4,63.5787,50.637,105,-180,0,-135,30,1,22,140,lead_out
4fc147fd,478b5467,lead_out,5,63.0787,50.641,105,-180,0,-135,30,1,22,140,lead_out
4fc147fd,478b5467,lead_out,6,62.5787,50.6451,105,-180,0,-135,30,1,22,140,lead_out
f473b5a0,478b5467,retreat,0,64,50.6667,115,-180,0,-135,80,0,0,0,retreat
f473b5a0,478b5467,retreat,1,64,50.6667,115,-180,0,-135,80,0,0,0,retreat
c02a8994,d130d83c,travel,0,66.6485,58.3343,115,-180,0,-135,80,0,0,0,travel
c02a8994,d130d83c,travel,1,66.6485,58.3343,115,-180,0,-135,80,0,0,0,travel
c5afd18b,d130d83c,lead_in,0,66.6485,58.3343,105,-180,0,-135,30,1,22,140,lead_in
c5afd18b,d130d83c,lead_in,1,66.1485,58.3342,105,-180,0,-135,30,1,22,140,lead_in
c5afd18b,d130d83c,lead_in,2,65.6485,58.334,105,-180,0,-135,30,1,22,140,lead_in
c5afd18b,d130d83c,lead_in,3,65.1485,58.3338,105,-180,0,-135,30,1,22,140,lead_in
c5afd18b,d130d83c,lead_in,4,64.6485,58.3337,105,-180,0,-135,30,1,22,140,lead_in
c5afd18b,d130d83c,lead_in,5,64.1485,58.3335,105,-180,0,-135,30,1,22,140,lead_in
c5afd18b,d130d83c,lead_in,6,63.6485,58.3334,105,-180,0,-135,30,1,22,140,lead_in
47db0295,d130d83c,weld,0,66.6485,58.3343,105,-180,0,-135,30,1,22,140,weld
47db0295,d130d83c,weld,1,68.9579,58.335,105,-180,0,-135,30,1,22,140,weld
47db0295,d130d83c,weld,2,71.2674,58.3358,105,-180,0,-135,30,1,22,140,weld
47db0295,d130d83c,weld,3,73.5768,58.3365,105,-180,0,-135,30,1,22,140,weld
47db0295,d130d83c,weld,4,75.8863,58.3372,105,-180,0,-135,30,1,22,140,weld
47db0295,d130d83c,weld,5,78.1958,58.3379,105,-180,0,-135,30,1,22,140,weld
47db0295,d130d83c,weld,6,80.5052,58.3387,105,-180,0,-135,30,1,22,140,weld
47db0295,d130d83c,weld,7,82.8147,58.3394,105,-180,0,-135,30,1,22,140,weld
47db0295,d130d83c,weld,8,85.1241,58.3401,105,-180,0,-135,30,1,22,140,weld
47db0295,d130d83c,weld,9,87.4336,58.3408,105,-180,0,-135,30,1,22,140,weld
47db0295,d130d83c,weld,10,89.743,58.3416,105,-180,0,-135,30,1,22,140,weld
47db0295,d130d83c,weld,11,92.0525,58.3423,105,-180,0,-135,30,1,22,140,weld
47db0295,d130d83c,weld,12,94.362,58.343,105,-180,0,-135,30,1,22,140,weld
47db0295,d130d83c,weld,13,96.6714,58.3438,105,-180,0,-135,30,1,22,140,weld
47db0295,d130d83c,weld,14,98.9809,58.3445,105,-180,0,-135,30,1,22,140,weld
47db0295,d130d83c,weld,15,101.29,58.3452,105,-180,0,-135,30,1,22,140,weld
47db0295,d130d83c,weld,16,103.6,58.3459,105,-180,0,-135,30,1,22,140,weld
47db0295,d130d83c,weld,17,105.909,58.3467,105,-180,0,-135,30,1,22,140,weld
47db0295,d130d83c,weld,18,108.219,58.3474,105,-180,0,-135,30,1,22,140,weld
47db0295,d130d83c,weld,19,110.528,58.3481,105,-180,0,-135,30,1,22,140,weld
47db0295,d130d83c,weld,20,112.838,58.3488,105,-180,0,-135,30,1,22,140,weld
47db0295,d130d83c,weld,21,115.147,58.3496,105,-180,0,-135,30,1,22,140,weld
47db0295,d130d83c,weld,22,117.457,58.3503,105,-180,0,-135,30,1,22,140,weld
47db0295,d130d83c,weld,23,119.766,58.351,105,-180,0,-135,30,1,22,140,weld
47db0295,d130d83c,weld,24,118.952,57.2271,105,-180,0,-135,30,1,22,140,weld
47db0295,d130d83c,weld,25,118.137,56.1032,105,-180,0,-135,30,1,22,140,weld
47db0295,d130d83c,weld,26,117.323,54.9793,105,-180,0,-135,30,1,22,140,weld
47db0295,d130d83c,weld,27,116.508,53.8554,105,-180,0,-135,30,1,22,140,weld
47db0295,d130d83c,weld,28,115.694,52.7315,105,-180,0,-135,30,1,22,140,weld
47db0295,d130d83c,weld,29,114.88,51.6076,105,-180,0,-135,30,1,22,140,weld
47db0295,d130d83c,weld,30,114.065,50.4837,105,-180,0,-135,30,1,22,140,weld
47db0295,d130d83c,weld,31,113.251,49.3597,105,-180,0,-135,30,1,22,140,weld
47db0295,d130d83c,weld,32,112.437,48.2358,105,-180,0,-135,30,1,22,140,weld
47db0295,d130d83c,weld,33,111.622,47.1119,105,-180,0,-135,30,1,22,140,weld
47db0295,d130d83c,weld,34,110.808,45.988,105,-180,0,-135,30,1,22,140,weld
47db0295,d130d83c,weld,35,109.993,44.8641,105,-180,0,-135,30,1,22,140,weld
47db0295,d130d83c,weld,36,109.179,43.7402,105,-180,0,-135,30,1,22,140,weld
47db0295,d130d83c,weld,37,108.365,42.6163,105,-180,0,-135,30,1,22,140,weld
47db0295,d130d83c,weld,38,107.55,41.4924,105,-180,0,-135,30,1,22,140,weld
47db0295,d130d83c,weld,39,106.736,40.3685,105,-180,0,-135,30,1,22,140,weld
47db0295,d130d83c,weld,40,105.921,39.2446,105,-180,0,-135,30,1,22,140,weld
47db0295,d130d83c,weld,41,105.107,38.1207,105,-180,0,-135,30,1,22,140,weld
47db0295,d130d83c,weld,42,104.293,36.9968,105,-180,0,-135,30,1,22,140,weld
47db0295,d130d83c,weld,43,103.478,35.8729,105,-180,0,-135,30,1,22,140,weld
47db0295,d130d83c,weld,44,102.664,34.7489,105,-180,0,-135,30,1,22,140,weld
47db0295,d130d83c,weld,45,101.849,33.625,105,-180,0,-135,30,1,22,140,weld
47db0295,d130d83c,weld,46,101.035,32.5011,105,-180,0,-135,30,1,22,140,weld
47db0295,d130d83c,weld,47,100.221,31.3772,105,-180,0,-135,30,1,22,140,weld
47db0295,d130d83c,weld,48,99.4063,30.2533,105,-180,0,-135,30,1,22,140,weld
47db0295,d130d83c,weld,49,98.5919,29.1294,105,-180,0,-135,30,1,22,140,weld
47db0295,d130d83c,weld,50,97.7776,28.0055,105,-180,0,-135,30,1,22,140,weld
47db0295,d130d83c,weld,51,96.9632,26.8816,105,-180,0,-135,30,1,22,140,weld
47db0295,d130d83c,weld,52,96.1488,25.7577,105,-180,0,-135,30,1,22,140,weld
47db0295,d130d83c,weld,53,95.3344,24.6338,105,-180,0,-135,30,1,22,140,weld
47db0295,d130d83c,weld,54,94.52,23.5099,105,-180,0,-135,30,1,22,140,weld
47db0295,d130d83c,weld,55,93.7056,22.386,105,-180,0,-135,30,1,22,140,weld
47db0295,d130d83c,weld,56,92.8601,23.5093,105,-180,0,-135,30,1,22,140,weld
47db0295,d130d83c,weld,57,92.0146,24.6327,105,-180,0,-135,30,1,22,140,weld
47db0295,d130d83c,weld,58,91.169,25.7561,105,-180,0,-135,30,1,22,140,weld
47db0295,d130d83c,weld,59,90.3235,26.8795,105,-180,0,-135,30,1,22,140,weld
47db0295,d130d83c,weld,60,89.4779,28.0029,105,-180,0,-135,30,1,22,140,weld
47db0295,d130d83c,weld,61,88.6324,29.1263,105,-180,0,-135,30,1,22,140,weld
47db0295,d130d83c,weld,62,87.7869,30.2497,105,-180,0,-135,30,1,22,140,weld
47db0295,d130d83c,weld,63,86.9413,31.373,105,-180,0,-135,30,1,22,140,weld
47db0295,d130d83c,weld,64,86.0958,32.4964,105,-180,0,-135,30,1,22,140,weld
47db0295,d130d83c,weld,65,85.2503,33.6198,105,-180,0,-135,30,1,22,140,weld
47db0295,d130d83c,weld,66,84.4047,34.7432,105,-180,0,-135,30,1,22,140,weld
47db0295,d130d83c,weld,67,83.5592,35.8666,105,-180,0,-135,30,1,22,140,weld
47db0295,d130d83c,weld,68,82.7137,36.99,105,-180,0,-135,30,1,22,140,weld
47db0295,d130d83c,weld,69,81.8681,38.1134,105,-180,0,-135,30,1,22,140,weld
47db0295,d130d83c,weld,70,81.0226,39.2368,105,-180,0,-135,30,1,22,140,weld
47db0295,d130d83c,weld,71,80.177,40.3601,105,-180,0,-135,30,1,22,140,weld
47db0295,d130d83c,weld,72,79.3315,41.4835,105,-180,0,-135,30,1,22,140,weld
47db0295,d130d83c,weld,73,78.486,42.6069,105,-180,0,-135,30,1,22,140,weld
47db0295,d130d83c,weld,74,77.6404,43.7303,105,-180,0,-135,30,1,22,140,weld
47db0295,d130d83c,weld,75,76.7949,44.8537,105,-180,0,-135,30,1,22,140,weld
47db0295,d130d83c,weld,76,75.9494,45.9771,105,-180,0,-135,30,1,22,140,weld
47db0295,d130d83c,weld,77,75.1038,47.1005,105,-180,0,-135,30,1,22,140,weld
47db0295,d130d83c,weld,78,74.2583,48.2238,105,-180,0,-135,30,1,22,140,weld
47db0295,d130d83c,weld,79,73.4128,49.3472,105,-180,0,-135,30,1,22,140,weld
47db0295,d130d83c,weld,80,72.5672,50.4706,105,-180,0,-135,30,1,22,140,weld
47db0295,d130d83c,weld,81,71.7217,51.594,105,-180,0,-135,30,1,22,140,weld
47db0295,d130d83c,weld,82,70.8761,52.7174,105,-180,0,-135,30,1,22,140,weld
47db0295,d130d83c,weld,83,70.0306,53.8408,105,-180,0,-135,30,1,22,140,weld
47db0295,d130d83c,weld,84,69.1851,54.9642,105,-180,0,-135,30,1,22,140,weld
47db0295,d130d83c,weld,85,68.3395,56.0875,105,-180,0,-135,30,1,22,140,weld
47db0295,d130d83c,weld,86,67.494,57.2109,105,-180,0,-135,30,1,22,140,weld
47db0295,d130d83c,weld,87,66.6485,58.3343,105,-180,0,-135,30,1,22,140,weld
7b1b49a1,d130d83c,overlap,0,66.6485,58.3343,105,-180,0,-135,30,1,22,140,overlap
7b1b49a1,d130d83c,overlap,1,68.9579,58.335,105,-180,0,-135,30,1,22,140,overlap
7b1b49a1,d130d83c,overlap,2,71.2674,58.3358,105,-180,0,-135,30,1,22,140,overlap
7b1b49a1,d130d83c,overlap,3,73.5768,58.3365,105,-180,0,-135,30,1,22,140,overlap
12ebe3fb,d130d83c,lead_out,0,66.6485,58.3343,105,-180,0,-135,30,1,22,140,lead_out
12ebe3fb,d130d83c,lead_out,1,66.3478,58.7338,105,-180,0,-135,30,1,22,140,lead_out
12ebe3fb,d130d83c,lead_out,2,66.0471,59.1333,105,-180,0,-135,30,1,22,140,lead_out
12ebe3fb,d130d83c,lead_out,3,65.7464,59.5328,105,-180,0,-135,30,1,22,140,lead_out
12ebe3fb,d130d83c,lead_out,4,65.4457,59.9323,105,-180,0,-135,30,1,22,140,lead_out
12ebe3fb,d130d83c,lead_out,5,65.1451,60.3318,105,-180,0,-135,30,1,22,140,lead_out
12ebe3fb,d130d83c,lead_out,6,64.8444,60.7312,105,-180,0,-135,30,1,22,140,lead_out
6c7a006a,d130d83c,retreat,0,66.6485,58.3343,115,-180,0,-135,80,0,0,0,retreat
6c7a006a,d130d83c,retreat,1,66.6485,58.3343,115,-180,0,-135,80,0,0,0,retreat
